1.000000000000000021e-03 2.333859054636556039e+02 3.203904962647339261e+01
5.100000000000000366e-02 2.317836325918356692e+02 6.407809925294678521e+01
1.010000000000000064e-01 2.269768139763758654e+02 1.281561985058935704e+02
1.510000000000000231e-01 2.189654496172761924e+02 1.922342977588406541e+02
2.010000000000000120e-01 2.077495395145366217e+02 2.242733473853149064e+02
2.510000000000000009e-01 1.965336294117969942e+02 2.242733473853146222e+02
3.010000000000000453e-01 1.853177193090574519e+02 2.242733473853137696e+02
3.510000000000000342e-01 1.741018092063179097e+02 2.242733473853140538e+02
4.010000000000000231e-01 1.628858991035783390e+02 2.242733473853143380e+02
4.510000000000000120e-01 1.516699890008387683e+02 2.242733473853143380e+02
5.010000000000000009e-01 1.404540788980991977e+02 2.242733473853143380e+02
5.510000000000000453e-01 1.292381687953596270e+02 2.242733473853143380e+02
6.010000000000000897e-01 1.180222586926200563e+02 2.242733473853143380e+02
6.510000000000000231e-01 1.068063485898804856e+02 2.242733473853143380e+02
7.010000000000000675e-01 9.559043848714091496e+01 2.242733473853143380e+02
7.510000000000000009e-01 8.437452838440134428e+01 2.242733473853143380e+02
8.010000000000000453e-01 7.315861828166177361e+01 2.445282871454617748e+02
8.510000000000000897e-01 5.991680910411225369e+01 2.445282871454617180e+02
9.010000000000000231e-01 4.870089900137269012e+01 2.135031550377481437e+02
9.510000000000000675e-01 3.856222353723668306e+01 1.915259232388338546e+02
1.000999999999999890e+00 2.954447615902452640e+01 1.710932773127532300e+02
1.050999999999999934e+00 2.144947394041510336e+01 1.464145758808576545e+02
1.100999999999999979e+00 1.490009027942114095e+01 1.163425225982213931e+02
1.151000000000000023e+00 9.812894830140997726e+00 6.840012168317961994e+01
1.201000000000000068e+00 8.058710108669513872e+00 4.130131602356885878e+01
1.250999999999999890e+00 5.681937201463640008e+00 4.363362709990185806e+01
1.300999999999999934e+00 3.694474726137328968e+00 3.543614032271675285e+01
1.350999999999999979e+00 2.137614446385510014e+00 2.471480246656524216e+01
1.401000000000000023e+00 1.222500183431473486e+00 1.946343937271443281e+01
1.451000000000000068e+00 1.908812403266123003e-01 2.001764222896133205e+01
1.500999999999999890e+00 -7.796643923092390072e-01 1.554707837883899124e+01
1.550999999999999934e+00 -1.364137539124863796e+00 9.487708651930402581e+00
1.600999999999999979e+00 -1.728625011675317902e+00 6.485305232488276950e+00
1.651000000000000023e+00 -2.012797768478341354e+00 5.488917698110882704e+00
1.701000000000000068e+00 -2.277626559840368436e+00 3.896631603700789093e+00
1.750999999999999890e+00 -2.402538861480494337e+00 1.159808835451229814e-01
1.800999999999999934e+00 -2.289226967812551639e+00 -2.976257056911434606e+00
1.850999999999999979e+00 -2.104853630648212626e+00 -2.375985388067809456e+00
1.901000000000000023e+00 -2.051580909298009292e+00 -1.808755739725778522e+00
1.951000000000000068e+00 -1.923941881560840228e+00 -4.041597684120715073e+00
2.000999999999999890e+00 -1.647340308932255359e+00 -5.240806195533323830e+00
2.051000000000000156e+00 -1.399756445883597156e+00 -3.582067830455439417e+00
2.100999999999999979e+00 -1.289061884530102287e+00 -1.936469870986976760e+00
2.150999999999999801e+00 -1.206070729387479723e+00 -2.371720477946365868e+00
2.201000000000000068e+00 -1.051842402325906756e+00 -3.687399328355700057e+00
2.250999999999999890e+00 -8.372570485653425543e-01 -3.243099507185902564e+00
2.301000000000000156e+00 -7.274675896171727274e-01 -1.260959220400735603e+00
2.350999999999999979e+00 -7.111359073408609621e-01 -1.174295453658418475e+00
2.401000000000000245e+00 -6.100145583422577067e-01 -2.598105008511825353e+00
2.451000000000000068e+00 -4.512734443895081715e-01 -2.607728596699078416e+00
2.500999999999999890e+00 -3.491895441004158607e-01 -2.090021550918720106e+00
2.551000000000000156e+00 -2.422294888666177703e-01 -2.235971113862453841e+00
2.600999999999999979e+00 -1.255477132918932093e-01 -2.562879455411163576e+00
2.651000000000000245e+00 1.410971426360686787e-02 -2.682325904531235761e+00
2.701000000000000068e+00 1.427385236793209944e-01 -2.458512879870902168e+00
2.750999999999999890e+00 2.600101725082945014e-01 -1.953702964188943847e+00
2.801000000000000156e+00 3.381478941574991848e-01 -1.997667933782473204e+00
2.850999999999999979e+00 4.598169192452175036e-01 -1.210177390955371468e+00
2.901000000000000245e+00 4.591898368008554554e-01 -4.571139467464131745e-02
2.951000000000000068e+00 4.643889729405751288e-01 1.358845220254485675e-01
3.000999999999999890e+00 4.455986669078700890e-01 5.489419958555836754e-01
3.051000000000000156e+00 4.094837945150996417e-01 1.176645504123417618e+00
3.100999999999999979e+00 3.279105835854458362e-01 1.428338308666654122e+00
3.151000000000000245e+00 2.666213968822608860e-01 1.155158002662742600e+00
3.201000000000000068e+00 2.123716801591183090e-01 6.753697933148961052e-01
3.250999999999999890e+00 1.990709101549049675e-01 9.556437243360877964e-01
3.301000000000000156e+00 1.167881948510227919e-01 1.431189415805719234e+00
3.350999999999999979e+00 5.592334478601689030e-02 9.309437455808355910e-01
3.401000000000000245e+00 2.367520141802760894e-02 3.525847219143928291e-01
3.451000000000000068e+00 2.065782090013931413e-02 7.567334967633157494e-02
3.500999999999999890e+00 1.610635298340092406e-02 3.714078434266804285e-01
3.551000000000000156e+00 -1.649039159939726801e-02 5.847830500244259877e-01
3.600999999999999979e+00 -4.238364768004216493e-02 1.781810443965530233e-01
3.651000000000000245e+00 -3.431205965994050394e-02 -1.434940833346938782e-01
3.701000000000000068e+00 -2.803136946490608281e-02 -6.593362500925561975e-02
3.750999999999999890e+00 -2.771737848651475641e-02 1.916327823153562981e-02
3.801000000000000156e+00 -2.994808055362427682e-02 -1.461776879016988551e-01
3.850999999999999979e+00 -1.309668614258683618e-02 -3.666642714479470544e-01
3.901000000000000245e+00 6.725679876599393800e-03 -2.979439292812983142e-01
3.951000000000000068e+00 1.670366566412862658e-02 -9.143880001058642126e-02
4.001000000000000334e+00 1.587138865365824922e-02 -1.232066405315688888e-02
4.051000000000000156e+00 1.793597848272537876e-02 -1.933164816982442524e-01
4.101000000000000867e+00 3.520690315311664209e-02 -3.712328738242056114e-01
4.151000000000000689e+00 5.506669052262242597e-02 -9.759698336696012722e-02
4.201000000000000512e+00 4.496855342947999462e-02 2.066179037571023724e-01
4.251000000000000334e+00 3.440076778883704306e-02 3.813819234319911627e-02
4.301000000000000156e+00 4.115397143131321878e-02 -1.728585758590756583e-01
4.351000000000000867e+00 5.169008254626179105e-02 -1.173092187397816871e-01
4.401000000000000689e+00 5.288723948966618515e-02 5.869514603556438836e-02
4.451000000000000512e+00 4.581939403978464026e-02 1.118048333260489580e-01
4.501000000000000334e+00 4.170452006039476744e-02 -4.550226813885967919e-02
4.551000000000000156e+00 5.037053089903338610e-02 -7.302731044250720949e-02
4.601000000000000867e+00 4.900871165085433911e-02 1.863921191518174911e-02
4.651000000000000689e+00 4.850623692327690750e-02 1.126883219241286115e-02
4.701000000000000512e+00 4.788160305496920455e-02 5.940406355102965941e-02
4.751000000000000334e+00 4.256464248690292052e-02 1.219501896258674417e-01
4.801000000000001044e+00 3.568414508858994139e-02 1.357299731908093721e-01
4.851000000000000867e+00 2.898893056835816565e-02 1.774422422887369233e-01
4.901000000000000689e+00 1.793637201487047195e-02 1.757147484506988155e-01
4.951000000000000512e+00 1.141394142831926931e-02 1.297083527582155171e-01
5.001000000000000334e+00 4.962942571993754146e-03 1.289941782908521073e-01
