1.000000000000000021e-03 1.374334899360641202e+02 1.791025888124928755e+01
5.100000000000000366e-02 1.365377978894128432e+02 3.582051776249829089e+01
1.010000000000000064e-01 1.338507217494590407e+02 7.164103552499658178e+01
1.510000000000000231e-01 1.293722615162026841e+02 1.074615532874945956e+02
2.010000000000000120e-01 1.231024171896438304e+02 1.253718121687435882e+02
2.510000000000000009e-01 1.168325728630849483e+02 1.253718121687438725e+02
3.010000000000000453e-01 1.105627285365260661e+02 1.253718121687438725e+02
3.510000000000000342e-01 1.042928842099671840e+02 1.253718121687437304e+02
4.010000000000000231e-01 9.802303988340831609e+01 1.253718121687437304e+02
4.510000000000000120e-01 9.175319555684943396e+01 1.253718121687437304e+02
5.010000000000000009e-01 8.548335123029056604e+01 1.253718121687438725e+02
5.510000000000000453e-01 7.921350690373166969e+01 1.253718121687438725e+02
6.010000000000000897e-01 7.294366257717280178e+01 1.253718121687435882e+02
6.510000000000000231e-01 6.667381825061393386e+01 1.253718121687438725e+02
7.010000000000000675e-01 6.040397392405503751e+01 1.253718121687439435e+02
7.510000000000000009e-01 5.413412959749616249e+01 1.253718121687437304e+02
8.010000000000000453e-01 4.786428527093728746e+01 1.299524137750211707e+02
8.510000000000000897e-01 4.113628917171854482e+01 1.298421123418179377e+02
9.010000000000000231e-01 3.487747719450865702e+01 1.234707186222903488e+02
9.510000000000000675e-01 2.878674789511706322e+01 1.172143890583402595e+02
1.000999999999999890e+00 2.315369400089346286e+01 1.057767194738086829e+02
1.050999999999999934e+00 1.820696041334671733e+01 9.344547843375849538e+01
1.100999999999999979e+00 1.380727724794893696e+01 8.159127599058886915e+01
1.151000000000000023e+00 1.004620098876801748e+01 6.323841712021171446e+01
1.201000000000000068e+00 7.482170767585360593e+00 4.904938923783875282e+01
1.250999999999999890e+00 5.140281077199384541e+00 4.115030679207375641e+01
1.300999999999999934e+00 3.366317082242143321e+00 3.236902341565198071e+01
1.350999999999999979e+00 1.902731355165873328e+00 2.725948931505863015e+01
1.401000000000000023e+00 6.398229609499785919e-01 2.191275627666141546e+01
1.451000000000000068e+00 -2.889825276258016773e-01 1.759745343584192767e+01
1.500999999999999890e+00 -1.120274331702931336e+00 1.507630654728729525e+01
1.550999999999999934e+00 -1.796914708485477075e+00 1.094012856664554967e+01
1.600999999999999979e+00 -2.214505990938819391e+00 7.230934172013093075e+00
1.651000000000000023e+00 -2.520152744370226738e+00 5.086913982454641214e+00
1.701000000000000068e+00 -2.723299127463932656e+00 3.642991163563353840e+00
1.750999999999999890e+00 -2.884524720549833443e+00 2.393178092188294137e+00
1.800999999999999934e+00 -2.962664800244605878e+00 -1.725037210167949253e-01
1.850999999999999979e+00 -2.867270898373733612e+00 -1.379604767282846867e+00
1.901000000000000023e+00 -2.824676731420975528e+00 -1.396067486848499684e+00
1.951000000000000068e+00 -2.727636228339146651e+00 -2.575260992637396829e+00
2.000999999999999890e+00 -2.567099126937383069e+00 -3.387404074440198531e+00
2.051000000000000156e+00 -2.388828072813637959e+00 -3.956893566606728196e+00
2.100999999999999979e+00 -2.171330632405378047e+00 -4.149290055727606230e+00
2.150999999999999801e+00 -1.973816081439762726e+00 -3.592146549041209447e+00
2.201000000000000068e+00 -1.812044134570276244e+00 -4.015268524792047877e+00
2.250999999999999890e+00 -1.572208923590062035e+00 -4.105497894205839771e+00
2.301000000000000156e+00 -1.401412235191808131e+00 -3.883332228452506474e+00
2.350999999999999979e+00 -1.183798034100242313e+00 -4.254966981384153968e+00
2.401000000000000245e+00 -9.758304377137649865e-01 -3.551825637620511067e+00
2.451000000000000068e+00 -8.285444338254387420e-01 -3.050687060592470967e+00
2.500999999999999890e+00 -6.707007179133059882e-01 -3.507749625768847412e+00
2.551000000000000156e+00 -4.776993162560385642e-01 -3.498114508200916184e+00
2.600999999999999979e+00 -3.208193048030503203e-01 -2.975448236860763984e+00
2.651000000000000245e+00 -1.800949836052248842e-01 -2.388727142318425756e+00
2.701000000000000068e+00 -8.189881602836132646e-02 -2.170877135525549395e+00
2.750999999999999890e+00 3.703614749004061762e-02 -2.236109064157961512e+00
2.801000000000000156e+00 1.417568125687179992e-01 -1.457821522336865128e+00
2.850999999999999979e+00 1.828474561541738874e-01 -7.470867116402659658e-01
2.901000000000000245e+00 2.164804254669774053e-01 -8.050925645123926389e-01
2.951000000000000068e+00 2.633728144567034080e-01 -5.240901774974678906e-01
3.000999999999999890e+00 2.688999250202741553e-01 1.073348507796672985e-01
3.051000000000000156e+00 2.526371826817210842e-01 3.742256000494962320e-01
3.100999999999999979e+00 2.314698805033235385e-01 6.307250572314935244e-01
3.151000000000000245e+00 1.895520624574270896e-01 8.284003651000249047e-01
3.201000000000000068e+00 1.486132759860190333e-01 9.280089898090299050e-01
3.250999999999999890e+00 9.673260329672790647e-02 1.030963729515778526e+00
3.301000000000000156e+00 4.549628375985085432e-02 9.373115331081557366e-01
3.350999999999999979e+00 2.982703755250160765e-03 9.920006006998706161e-01
3.401000000000000245e+00 -5.372361632215022498e-02 7.955564564148118745e-01
3.451000000000000068e+00 -7.658885301535933721e-02 2.402052049727753102e-01
3.500999999999999890e+00 -7.774894092352721553e-02 1.303482521841347053e-01
3.551000000000000156e+00 -8.962628519881649103e-02 2.205263691950072047e-01
3.600999999999999979e+00 -9.980598837041183835e-02 1.514287559534569783e-01
3.651000000000000245e+00 -1.047721893692812600e-01 3.232728485235636384e-02
3.701000000000000068e+00 -1.030393634013445220e-01 -1.519985928646334084e-01
3.750999999999999890e+00 -8.956929011096062543e-02 2.505046863377443159e-02
3.801000000000000156e+00 -1.055449112740946410e-01 1.377964628109823453e-01
3.850999999999999979e+00 -1.033516923213150807e-01 -7.228991168966185377e-02
3.901000000000000245e+00 -9.831447430689466138e-02 -8.961512929918757919e-02
3.951000000000000068e+00 -9.438838708881033823e-02 1.236080480353072934e-02
4.001000000000000334e+00 -9.955080200334380514e-02 7.035919539021588676e-02
4.051000000000000156e+00 -1.014257138117397317e-01 -1.877120628785687931e-02
4.101000000000000867e+00 -9.767330595043235975e-02 -1.041668842710545412e-01
4.151000000000000689e+00 -9.100694204694885492e-02 4.077143679006727667e-02
4.201000000000000512e+00 -1.017512650581748890e-01 5.583386413387728120e-02
4.251000000000000334e+00 -9.659144513761926121e-02 -1.454256333439772342e-01
4.301000000000000156e+00 -8.720579321111028570e-02 -2.301565178482955776e-01
4.351000000000000867e+00 -7.357119022243273354e-02 -2.544533257016038941e-01
4.401000000000000689e+00 -6.175537157443586334e-02 -2.158826568476074070e-01
4.451000000000000512e+00 -5.197860688453503908e-02 -1.343589769592679339e-01
4.501000000000000334e+00 -4.831678669896988243e-02 -5.802299388584926387e-02
4.551000000000000156e+00 -4.617514703607239479e-02 -1.047347880100660711e-04
4.601000000000000867e+00 -4.830631112547311562e-02 6.308283813497685480e-03
4.651000000000000689e+00 -4.680610158309843338e-02 -6.941162742878521918e-02
4.701000000000000512e+00 -4.136376015004601669e-02 -1.142716085044043900e-01
4.751000000000000334e+00 -3.537665530048790530e-02 -1.251951829207193778e-01
4.801000000000001044e+00 -2.884173795431566392e-02 -1.306963102528575227e-01
4.851000000000000867e+00 -2.230441034899709532e-02 -1.534171145022027172e-01
4.901000000000000689e+00 -1.349695816180534677e-02 -1.744516071113561551e-01
4.951000000000000512e+00 -4.855760605719247960e-03 -1.385406753491927045e-01
5.001000000000000334e+00 3.598801866209074517e-04 -1.042919574553120426e-01
