1.000000000000000021e-03 1.687684785202777675e+02 2.542411949062062959e+01
5.100000000000000366e-02 1.674970183045518297e+02 4.721622191115215372e+01
1.010000000000000064e-01 1.640459120047243289e+02 8.716840968212693497e+01
1.510000000000000231e-01 1.587784339681454924e+02 1.198565633129243651e+02
2.010000000000000120e-01 1.520578585421656328e+02 1.452806828035447211e+02
2.510000000000000009e-01 1.442474600741349491e+02 1.634407681539879604e+02
3.010000000000000453e-01 1.357105129114037538e+02 1.743368193642534436e+02
3.510000000000000342e-01 1.268102914013223170e+02 1.779688364343421370e+02
4.010000000000000231e-01 1.179100698912408518e+02 1.779688364343422791e+02
4.510000000000000120e-01 1.090098483811594008e+02 1.779688364343422791e+02
5.010000000000000009e-01 1.001096268710779356e+02 1.779688364343424212e+02
5.510000000000000453e-01 9.120940536099647034e+01 1.779688364343424212e+02
6.010000000000000897e-01 8.230918385091500511e+01 1.767416210753718246e+02
6.510000000000000231e-01 7.353170842103777716e+01 1.742723550846048681e+02
7.010000000000000675e-01 6.487846289535282551e+01 1.709692120320239894e+02
7.510000000000000009e-01 5.643136783359473441e+01 1.585588106372972277e+02
8.010000000000000453e-01 4.901941065541035414e+01 1.520070486895130841e+02
8.510000000000000897e-01 4.122762282366963404e+01 1.524485631309895837e+02
9.010000000000000231e-01 3.377150537104877515e+01 1.398064837404300533e+02
9.510000000000000675e-01 2.724417831995181771e+01 1.201926903208115078e+02
1.000999999999999890e+00 2.174983248516120682e+01 1.025541820589433115e+02
1.050999999999999934e+00 1.698670903041630709e+01 8.862024220029167054e+01
1.100999999999999979e+00 1.288603586028803250e+01 8.160508277820939327e+01
1.151000000000000023e+00 8.824568650939802694e+00 6.446581767432809329e+01
1.201000000000000068e+00 6.438164776501735354e+00 4.076075984167574973e+01
1.250999999999999890e+00 4.747677451575393448e+00 3.297667979557432005e+01
1.300999999999999934e+00 3.139837263348391527e+00 3.146460968084932475e+01
1.350999999999999979e+00 1.600587191296843681e+00 2.682691338710619888e+01
1.401000000000000023e+00 4.566093863700291244e-01 1.982146284056177166e+01
1.451000000000000068e+00 -3.819555220161447995e-01 1.642916842472533645e+01
1.500999999999999890e+00 -1.186636039470999382e+00 1.643701992548973223e+01
1.550999999999999934e+00 -2.025986254963628053e+00 1.396533402029119486e+01
1.600999999999999979e+00 -2.583448748180524834e+00 9.076376650808670732e+00
1.651000000000000023e+00 -2.933805447577511494e+00 6.795716973023358420e+00
1.701000000000000068e+00 -3.263156359822321217e+00 6.005431716673647280e+00
1.750999999999999890e+00 -3.534468727879209737e+00 4.198719427209124611e+00
1.800999999999999934e+00 -3.683112276931777895e+00 7.742230678160968438e-01
1.850999999999999979e+00 -3.611906519122175752e+00 -1.857475553184714245e+00
1.901000000000000023e+00 -3.497327572102242765e+00 -2.187424680235138919e+00
1.951000000000000068e+00 -3.393120302605057148e+00 -2.825920355418001240e+00
2.000999999999999890e+00 -3.214679018153334233e+00 -4.243643233808379378e+00
2.051000000000000156e+00 -2.968671106359543010e+00 -5.250251744422613775e+00
2.100999999999999979e+00 -2.689548838676184328e+00 -5.418164435511786614e+00
2.150999999999999801e+00 -2.426746299519654038e+00 -5.036477716162820251e+00
2.201000000000000068e+00 -2.185800337505579005e+00 -4.683870324735122104e+00
2.250999999999999890e+00 -1.958265589639647031e+00 -4.848292661528980751e+00
2.301000000000000156e+00 -1.700874105499450284e+00 -5.161017912349269210e+00
2.350999999999999979e+00 -1.442060578046473029e+00 -5.038982395896165478e+00
2.401000000000000245e+00 -1.196875086261915744e+00 -4.118873922868963255e+00
2.451000000000000068e+00 -1.030090808281119319e+00 -3.638337632282083511e+00
2.500999999999999890e+00 -8.329685562810617006e-01 -3.928677510459314348e+00
2.551000000000000156e+00 -6.371444836849786686e-01 -4.094106725427072213e+00
2.600999999999999979e+00 -4.234760016038458530e-01 -3.437401747966368326e+00
2.651000000000000245e+00 -2.933355608533824710e-01 -2.406754761186689962e+00
2.701000000000000068e+00 -1.827523903899530844e-01 -2.313465003248134533e+00
2.750999999999999890e+00 -6.194279122850405300e-02 -2.694354762279237647e+00
2.801000000000000156e+00 8.673697293321626367e-02 -2.350865241105716041e+00
2.850999999999999979e+00 1.731907501868897026e-01 -1.399266899043308143e+00
2.901000000000000245e+00 2.266916481755279766e-01 -6.755854567928236687e-01
2.951000000000000068e+00 2.407628075753079355e-01 -4.404393990014591198e-01
3.000999999999999890e+00 2.707443968636539244e-01 -4.677978420803972637e-01
3.051000000000000156e+00 2.875519477401892732e-01 8.432819017070082579e-02
3.100999999999999979e+00 2.623098912827804274e-01 6.462855331870384079e-01
3.151000000000000245e+00 2.229104687108216798e-01 6.200721134556945735e-01
3.201000000000000068e+00 2.002902784949418535e-01 5.733115546182935285e-01
3.250999999999999890e+00 1.655678470178999495e-01 7.350796196573948782e-01
3.301000000000000156e+00 1.267676149368092142e-01 7.057267273562509713e-01
3.350999999999999979e+00 9.498105974772771964e-02 5.212875355251065379e-01
3.401000000000000245e+00 7.462843563358804999e-02 3.264965357602615526e-01
3.451000000000000068e+00 6.232487624098635715e-02 3.271403629356083864e-01
3.500999999999999890e+00 4.190785653276849626e-02 4.205334349215386069e-01
3.551000000000000156e+00 2.026312208013405711e-02 3.375585250005355142e-01
3.600999999999999979e+00 8.145252862214930056e-03 1.775163729511010369e-01
3.651000000000000245e+00 2.507934457564930247e-03 1.984927758962978239e-01
3.701000000000000068e+00 -1.170799458293278125e-02 1.729670134631673961e-01
3.750999999999999890e+00 -1.479222622902107501e-02 2.173123326634272268e-01
3.801000000000000156e+00 -3.344357409592877556e-02 4.370435280521192678e-01
3.850999999999999979e+00 -5.850531990479404532e-02 4.114922333178327452e-01
3.901000000000000245e+00 -7.460102727237841180e-02 3.394857547453413726e-01
3.951000000000000068e+00 -9.246068509442309513e-02 3.231495507890978502e-01
4.001000000000000334e+00 -1.069224453423039817e-01 1.926412800751331200e-01
4.051000000000000156e+00 -1.117286659275379124e-01 2.172347077338576959e-01
4.101000000000000867e+00 -1.286502608098444300e-01 1.383092931158060868e-01
4.151000000000000689e+00 -1.255623614249808395e-01 -8.770876274189839950e-02
4.201000000000000512e+00 -1.198776303603997506e-01 -7.051062672018683364e-02
4.251000000000000334e+00 -1.185098885404277519e-01 -7.670364021000551646e-02
4.301000000000000156e+00 -1.122057322665949985e-01 -6.934288628872335714e-02
4.351000000000000867e+00 -1.115742130538296406e-01 -4.339204828187983448e-02
4.401000000000000689e+00 -1.078656595974413768e-01 -1.191259712395908721e-01
4.451000000000000512e+00 -9.965923341044576056e-02 -1.115716336830834265e-01
4.501000000000000334e+00 -9.670626479645937079e-02 -1.272547928128718586e-01
4.551000000000000156e+00 -8.693120903330231464e-02 -2.249588065608596477e-01
4.601000000000000867e+00 -7.420588496424218583e-02 -2.554638509276146996e-01
4.651000000000000689e+00 -6.137971466352228761e-02 -3.163253249097874309e-01
4.701000000000000512e+00 -4.256702596676524564e-02 -3.264373820637174739e-01
4.751000000000000334e+00 -2.872944770950926208e-02 -2.279420735410633281e-01
4.801000000000001044e+00 -1.976825977118808891e-02 -1.469810723657596352e-01
4.851000000000000867e+00 -1.402840085148598058e-02 -1.085861142328074791e-01
4.901000000000000689e+00 -8.907476625622683108e-03 -1.014418667543568880e-01
4.951000000000000512e+00 -3.882185338715202390e-03 -8.915586855731966187e-02
5.001000000000000334e+00 9.893347480430871336e-06 -7.782600852220820931e-02
