0.000000000000000000e+00 2.694447580738847705e+02 3.141312038345134283e+01
3.173325912716962877e-02 2.684395382216143275e+02 6.282624076690357384e+01
6.346651825433925753e-02 2.654238786648029418e+02 1.256524815338062524e+02
9.519977738150889324e-02 2.603977794034507269e+02 1.884787223007080570e+02
1.269330365086785151e-01 2.533612404375576261e+02 2.198918426841602809e+02
1.586662956358481369e-01 2.463247014716644685e+02 2.198918426841602809e+02
1.903995547630177865e-01 2.392881625057713677e+02 2.198918426841593998e+02
2.221328138901874083e-01 2.322516235398782669e+02 2.198918426841598261e+02
2.538660730173570301e-01 2.252150845739851377e+02 2.198918426841598261e+02
2.855993321445266520e-01 2.181785456080920369e+02 2.198918426841593998e+02
3.173325912716962738e-01 2.111420066421989361e+02 2.198918426841598261e+02
3.490658503988658956e-01 2.041054676763058069e+02 2.198918426841607356e+02
3.807991095260355729e-01 1.970689287104126493e+02 2.198918426841607356e+02
4.125323686532051948e-01 1.900323897445195200e+02 2.198918426841602809e+02
4.442656277803748166e-01 1.829958507786263908e+02 2.198918426841598261e+02
4.759988869075444384e-01 1.759593118127332900e+02 2.198918426841593998e+02
5.077321460347140603e-01 1.689227728468401892e+02 2.198918426841598261e+02
5.394654051618836821e-01 1.618862338809470600e+02 2.198918426841598261e+02
5.711986642890533039e-01 1.548496949150539592e+02 2.198918426841598261e+02
6.029319234162229257e-01 1.478131559491608300e+02 2.198918426841598261e+02
6.346651825433925476e-01 1.407766169832677292e+02 2.198918426841598261e+02
6.663984416705621694e-01 1.337400780173746000e+02 2.198918426841600535e+02
6.981317007977317912e-01 1.267035390514814850e+02 2.198918426841600535e+02
7.298649599249014130e-01 1.196670000855883558e+02 2.198918426841600535e+02
7.615982190520711459e-01 1.126304611196952408e+02 2.198918426841600535e+02
7.933314781792407677e-01 1.055939221538021116e+02 2.198918426841602809e+02
8.250647373064103896e-01 9.855738318790898234e+01 2.198918426841602809e+02
8.567979964335800114e-01 9.152084422201585312e+01 2.198483028706579319e+02
8.885312555607496332e-01 8.448709180418687481e+01 2.198483028706577045e+02
9.202645146879192550e-01 7.745055283829375981e+01 2.185390171005485627e+02
9.519977738150888769e-01 7.050059470975176623e+01 2.154800103407540348e+02
9.837310329422584987e-01 6.365983217648550152e+01 2.080898471939208605e+02
1.015464292069428121e+00 5.718284448934083031e+01 1.952109615431398879e+02
1.047197551196597853e+00 5.116633063772454904e+01 1.796121791686199174e+02
1.078930810323767364e+00 4.568766502254915451e+01 1.614207835318040054e+02
1.110664069450937097e+00 4.083540049168909292e+01 1.397248718520696116e+02
1.142397328578106608e+00 3.674527322401669949e+01 1.153244050793787920e+02
1.174130587705276341e+00 3.345463856660884971e+01 8.969896465391346396e+01
1.205863846832445851e+00 3.100453948616623734e+01 6.643274168821983494e+01
1.237597105959615584e+00 2.920294309856278048e+01 4.658699057580673042e+01
1.269330365086785095e+00 2.802297208931460659e+01 2.756733646794878823e+01
1.301063624213954828e+00 2.743863356461405800e+01 9.744592742649937023e+00
1.332796883341124339e+00 2.739931815378501057e+01 -5.279181803412802410e+00
1.364530142468294072e+00 2.777650120003247736e+01 -1.534814718716626025e+01
1.396263401595463582e+00 2.838159957376365128e+01 -2.127071027891047450e+01
1.427996660722633315e+00 2.913782665788274784e+01 -2.474476603042496947e+01
1.459729919849802826e+00 2.996526459971084932e+01 -2.479242026927769160e+01
1.491463178976972559e+00 3.072454155511652019e+01 -2.081697067950083380e+01
1.523196438104142292e+00 3.129755072319890274e+01 -1.340514721289309819e+01
1.554929697231311803e+00 3.158247097674167847e+01 -3.439387745566513388e+00
1.586662956358481535e+00 3.151767153891515960e+01 7.459084612828014826e+00
1.618396215485651046e+00 3.110508956152068549e+01 1.744898275154899281e+01
1.650129474612820779e+00 3.040093664281602415e+01 2.694624703390185871e+01
1.681862733739990290e+00 2.938052975135096645e+01 3.555902211918504463e+01
1.713595992867160023e+00 2.812515922718818118e+01 4.135727269136607731e+01
1.745329251994329534e+00 2.673366429910353759e+01 4.496472496443060152e+01
1.777062511121499266e+00 2.524741682946462262e+01 4.708847206936322749e+01
1.808795770248668777e+00 2.372000208666429089e+01 4.692867828553676190e+01
1.840529029375838510e+00 2.224398141919026983e+01 4.585132728076668229e+01
1.872262288503008021e+00 2.078551714069522305e+01 4.454712355317463590e+01
1.903995547630177754e+00 1.939296551178709294e+01 4.270430316901679646e+01
1.935728806757347265e+00 1.805244173787814788e+01 4.093570512173749876e+01
1.967462065884516997e+00 1.677308038399589307e+01 3.853562820227212882e+01
1.999195325011686508e+00 1.558616153293273143e+01 3.507685129228210741e+01
2.030928584138856241e+00 1.452816190128983820e+01 3.143714280211454337e+01
2.062661843266025752e+00 1.357418439359740070e+01 2.799260126686800376e+01
2.094395102393195707e+00 1.273663542021028583e+01 2.410371383463952100e+01
2.126128361520365218e+00 1.203154670818047123e+01 1.929765558941701187e+01
2.157861620647534728e+00 1.150158546248759706e+01 1.474529457248754838e+01
2.189594879774704239e+00 1.108784785554126806e+01 1.095589139389879740e+01
2.221328138901874194e+00 1.080040841327807399e+01 7.453973493963012231e+00
2.253061398029043705e+00 1.061079355192763529e+01 4.472988461239945757e+00
2.284794657156213216e+00 1.051413715175871744e+01 2.020857316108126689e+00
2.316527916283382726e+00 1.048145868369671518e+01 3.517589685722299908e-01
2.348261175410552681e+00 1.049162457777009472e+01 9.345397495760798812e-02
2.379994434537722192e+00 1.047547762929942827e+01 6.653500848183557803e-01
2.411727693664891703e+00 1.044904217234171995e+01 1.693597498228116560e+00
2.443460952792061214e+00 1.036708738941282881e+01 3.409193082244132977e+00
2.475194211919231169e+00 1.023085381507809544e+01 5.079539683560563290e+00
2.506927471046400679e+00 1.004199684966495276e+01 6.746151173631642628e+00
2.538660730173570190e+00 9.799100139965670309e+00 8.596806875356605815e+00
2.570393989300740145e+00 9.491801209642130033e+00 9.815604534453264307e+00
2.602127248427909656e+00 9.170901449760661350e+00 1.015817712450781052e+01
2.633860507555079167e+00 8.841677873673630117e+00 9.676207874279668886e+00
2.665593766682248678e+00 8.551624145806762556e+00 8.188649035537093113e+00
2.697327025809418632e+00 8.317604335399256144e+00 6.619142527386490116e+00
2.729060284936588143e+00 8.127999024054027188e+00 4.837475277280566921e+00
2.760793544063757654e+00 8.008005917653299832e+00 1.792211975588486883e+00
2.792526803190927165e+00 8.013297457616364028e+00 -1.399079818909049200e+00
2.824260062318097120e+00 8.097547026063478981e+00 -4.042508648307602037e+00
2.855993321445266631e+00 8.272018011108050572e+00 -6.898171810458430642e+00
2.887726580572436141e+00 8.539030021932818570e+00 -9.087542527681986115e+00
2.919459839699605652e+00 8.853620732879697641e+00 -1.070206425748662582e+01
2.951193098826775607e+00 9.223962134411962666e+00 -1.273131204482588785e+01
2.982926357953945118e+00 9.668424703748554450e+00 -1.288636379176510971e+01
3.014659617081114629e+00 1.004868941708492969e+01 -1.157727135119371198e+01
3.046392876208284584e+00 1.040937007022495209e+01 -1.073230997100016459e+01
3.078126135335454094e+00 1.073555725522894022e+01 -8.925142672620150819e+00
3.109859394462623605e+00 1.098057920127264175e+01 -8.217960673157303830e+00
3.141592653589793116e+00 1.126150673831100768e+01 -8.778985532448935203e+00
