0.000000000000000000e+00 3.338108987843672253e+02 4.014691868674802322e+01
3.173325912716962877e-02 3.325261973863912885e+02 8.029383737349959915e+01
6.346651825433925753e-02 3.286720931924632509e+02 1.605876747470009605e+02
9.519977738150889324e-02 3.222485862025832262e+02 2.408815121205014691e+02
1.269330365086785151e-01 3.132556764167511574e+02 2.810284308072512545e+02
1.586662956358481369e-01 3.042627666309191454e+02 2.810284308072512545e+02
1.903995547630177865e-01 2.952698568450870766e+02 2.810284308072521640e+02
2.221328138901874083e-01 2.862769470592550078e+02 2.810284308072512545e+02
2.538660730173570301e-01 2.772840372734229959e+02 2.810284308072503450e+02
2.855993321445266520e-01 2.682911274875909839e+02 2.810284308072512545e+02
3.173325912716962738e-01 2.592982177017589152e+02 2.810284308072517092e+02
3.490658503988658956e-01 2.503053079159268748e+02 2.810284308072512545e+02
3.807991095260355729e-01 2.413123981300948344e+02 2.810284308072517092e+02
4.125323686532051948e-01 2.323194883442627656e+02 2.810284308072512545e+02
4.442656277803748166e-01 2.233265785584307537e+02 2.810284308072512545e+02
4.759988869075444384e-01 2.143336687725986849e+02 2.810284308072517092e+02
5.077321460347140603e-01 2.053407589867666445e+02 2.810284308072507997e+02
5.394654051618836821e-01 1.963478492009346326e+02 2.810284308072512545e+02
5.711986642890533039e-01 1.873549394151025638e+02 2.810284308072517092e+02
6.029319234162229257e-01 1.783620296292705234e+02 2.810284308072512545e+02
6.346651825433925476e-01 1.693691198434384830e+02 2.810284308072512545e+02
6.663984416705621694e-01 1.603762100576064427e+02 2.810284308072517092e+02
6.981317007977317912e-01 1.513833002717743739e+02 2.810284308072512545e+02
7.298649599249014130e-01 1.423903904859423619e+02 2.810284308072507997e+02
7.615982190520711459e-01 1.333974807001103215e+02 2.810284308072514818e+02
7.933314781792407677e-01 1.244045709142782670e+02 2.810284308072517092e+02
8.250647373064103896e-01 1.154116611284462124e+02 2.739947918298317404e+02
8.567979964335800114e-01 1.068689042371690334e+02 2.739947918298315699e+02
8.885312555607496332e-01 9.787599445133699305e+01 2.780779371619628364e+02
9.202645146879192550e-01 8.907191625880341235e+01 2.693953341346435764e+02
9.519977738150888769e-01 8.063469306671980519e+01 2.556024848682738480e+02
9.837310329422584987e-01 7.271335722723388528e+01 2.407622290727398138e+02
1.015464292069428121e+00 6.522591040606445745e+01 2.230899305145905771e+02
1.047197551196597853e+00 5.843560167430008789e+01 2.068311052439000264e+02
1.078930810323767364e+00 5.198871967045485576e+01 1.815309097629771315e+02
1.110664069450937097e+00 4.681762344946955068e+01 1.487752011534838630e+02
1.142397328578106608e+00 4.246710679663188870e+01 1.238897749107694608e+02
1.174130587705276341e+00 3.888867785518030473e+01 1.010625484617935257e+02
1.205863846832445851e+00 3.599910369507710328e+01 7.642785410432084348e+01
1.237597105959615584e+00 3.399729519250377052e+01 5.177273556366723994e+01
1.269330365086785095e+00 3.268564861900240004e+01 3.112007674867200890e+01
1.301063624213954828e+00 3.200561028058876190e+01 1.057044682498864319e+01
1.332796883341124339e+00 3.200914002220312682e+01 -7.127049685956121650e+00
1.364530142468294072e+00 3.246174146048995368e+01 -1.823724562814765804e+01
1.396263401595463582e+00 3.317632374240457693e+01 -2.426408729785367413e+01
1.427996660722633315e+00 3.401464304755258894e+01 -2.655473249708195738e+01
1.459729919849802826e+00 3.487582662221782215e+01 -2.565084786721849497e+01
1.491463178976972559e+00 3.565629731105457267e+01 -2.064199609781625000e+01
1.523196438104142292e+00 3.619691437247806221e+01 -1.081419335947164662e+01
1.554929697231311803e+00 3.634840568606075806e+01 4.695576615071361815e-01
1.586662956358481535e+00 3.616686268214160549e+01 1.076467049943918752e+01
1.618396215485651046e+00 3.565946677409665000e+01 2.018551706657556366e+01
1.650129474612820779e+00 3.487498958988076936e+01 2.921700365340629091e+01
1.681862733739990290e+00 3.378957854027864727e+01 3.912657472492742272e+01
1.713595992867160023e+00 3.237088880748541442e+01 4.679753346764287159e+01
1.745329251994329534e+00 3.079453639834950351e+01 5.048984978002280144e+01
1.777062511121499266e+00 2.913953842156395524e+01 5.382720631857040416e+01
1.808795770248668777e+00 2.734959519396099736e+01 5.630172958958107188e+01
1.840529029375838510e+00 2.553622772783076655e+01 5.758177008970155697e+01
1.872262288503008021e+00 2.366436190822009777e+01 5.863019097993071682e+01
1.903995547630177754e+00 2.178389550511520056e+01 5.783874831165125130e+01
1.935728806757347265e+00 1.996268201627441741e+01 5.635576821716153972e+01
1.967462065884516997e+00 1.817712633921686205e+01 5.511884289839380102e+01
1.999195325011686508e+00 1.643507607077721389e+01 5.192978760644428604e+01
2.030928584138856241e+00 1.485361993240442757e+01 4.788909666224682837e+01
2.062661843266025752e+00 1.337017388439341659e+01 4.256012998979852568e+01
2.094395102393195707e+00 1.212977161305732210e+01 3.538893580220592128e+01
2.126128361520365218e+00 1.110528199305223751e+01 2.789597386436406978e+01
2.157861620647534728e+00 1.034442928573802156e+01 1.978226200743329954e+01
2.189594879774704239e+00 9.839217224576506382e+00 1.175639763008681804e+01
2.221328138901874194e+00 9.592019837412465222e+00 5.073644862751441664e+00
2.253061398029043705e+00 9.514503953360414101e+00 -7.675632809449606242e-01
2.284794657156213216e+00 9.641143887392942702e+00 -5.097979551226205608e+00
2.316527916283382726e+00 9.840774644638891289e+00 -6.743241578355096522e+00
2.348261175410552681e+00 1.007271134840766891e+01 -7.023015083048866458e+00
2.379994434537722192e+00 1.029024760995401877e+01 -5.824256667514266184e+00
2.411727693664891703e+00 1.044546377512858193e+01 -3.088361415846424318e+00
2.443460952792061214e+00 1.048790274056818994e+01 4.500322458456662567e-01
2.475194211919231169e+00 1.041666171139445929e+01 4.911128653178748138e+00
2.506927471046400679e+00 1.017359050676475007e+01 9.312642196714293163e+00
2.538660730173570190e+00 9.820652610804744498e+00 1.231576764109360056e+01
2.570393989300740145e+00 9.385381377734759667e+00 1.479938525622723233e+01
2.602127248427909656e+00 8.873491954406201643e+00 1.646429229132698069e+01
2.633860507555079167e+00 8.331666671089832832e+00 1.629444693905453079e+01
2.665593766682248678e+00 7.830647350306711552e+00 1.402812767432255647e+01
2.697327025809418632e+00 7.433866499933189154e+00 9.689285738862920994e+00
2.729060284936588143e+00 7.210533063019484601e+00 4.250692377816029044e+00
2.760793544063757654e+00 7.161822187752963309e+00 -2.163045884568448596e+00
2.792526803190927165e+00 7.348967999631865311e+00 -9.910240467873990156e+00
2.824260062318097120e+00 7.796077577696898686e+00 -1.794935052002527698e+01
2.855993321445266631e+00 8.497726432913482952e+00 -2.442693531955717035e+01
2.887726580572436141e+00 9.359401438148557517e+00 -2.951598507352218093e+01
2.919459839699605652e+00 1.038674947761890266e+01 -3.378016204318529248e+01
2.951193098826775607e+00 1.152133180891241615e+01 -3.601782944806233644e+01
2.982926357953945118e+00 1.269189056229489232e+01 -3.682902753405256391e+01
3.014659617081114629e+00 1.387838957109178040e+01 -3.560474408975422733e+01
3.046392876208284584e+00 1.497059418403916276e+01 -3.240632668170439956e+01
3.078126135335454094e+00 1.595239447872086203e+01 -3.101972876367839405e+01
3.109859394462623605e+00 1.695585682491458002e+01 -3.030594811250070109e+01
3.141592653589793116e+00 1.789197515792090698e+01 -2.925369790644771584e+01
