0.000000000000000000e+00 3.828455872835004357e+02 4.770896834864934988e+01
3.173325912716962877e-02 3.813189002963436565e+02 9.541793669730047611e+01
6.346651825433925753e-02 3.767388393348732052e+02 1.908358733946027144e+02
9.519977738150889324e-02 3.691054043990890818e+02 2.862538100919049953e+02
1.269330365086785151e-01 3.584185954889912864e+02 3.339627784405543025e+02
1.586662956358481369e-01 3.477317865788936047e+02 3.339627784405534499e+02
1.903995547630177865e-01 3.370449776687958661e+02 3.339627784405525404e+02
2.221328138901874083e-01 3.263581687586982412e+02 3.339627784405525404e+02
2.538660730173570301e-01 3.156713598486005026e+02 3.339627784405552120e+02
2.855993321445266520e-01 3.049845509385027071e+02 3.339627784405534499e+02
3.173325912716962738e-01 2.942977420284050822e+02 3.339627784405525404e+02
3.490658503988658956e-01 2.836109331183073436e+02 3.339627784405543025e+02
3.807991095260355729e-01 2.729241242082096051e+02 3.339627784405534499e+02
4.125323686532051948e-01 2.622373152981119233e+02 3.339627784405539046e+02
4.442656277803748166e-01 2.515505063880141563e+02 3.339627784405543025e+02
4.759988869075444384e-01 2.408636974779164461e+02 3.339627784405534499e+02
5.077321460347140603e-01 2.301768885678187360e+02 3.339627784405539046e+02
5.394654051618836821e-01 2.194900796577209974e+02 3.339627784405539046e+02
5.711986642890533039e-01 2.088032707476232872e+02 3.339627784405534499e+02
6.029319234162229257e-01 1.981164618375255770e+02 3.339627784405539046e+02
6.346651825433925476e-01 1.874296529274278384e+02 3.339627784405539046e+02
6.663984416705621694e-01 1.767428440173301283e+02 3.339627784405534499e+02
6.981317007977317912e-01 1.660560351072324181e+02 3.339627784405534499e+02
7.298649599249014130e-01 1.553692261971347079e+02 3.339627784405539046e+02
7.615982190520711459e-01 1.446824172870369694e+02 3.339627784405539046e+02
7.933314781792407677e-01 1.339956083769392592e+02 3.339627784405539046e+02
8.250647373064103896e-01 1.233087994668415206e+02 3.339627784405540751e+02
8.567979964335800114e-01 1.126219905567437962e+02 3.355352871867989393e+02
8.885312555607496332e-01 1.018345410868863894e+02 3.355352871867987119e+02
9.202645146879192550e-01 9.114773217678867923e+01 3.235152790996986596e+02
9.519977738150888769e-01 8.112956322450567370e+01 3.057873776959883116e+02
9.837310329422584987e-01 7.157734000424542842e+01 2.877083748627673572e+02
1.015464292069428121e+00 6.271622723328856353e+01 2.632955206917608848e+02
1.047197551196597853e+00 5.472642667997273236e+01 2.338030583133232483e+02
1.078930810323767364e+00 4.775283150123587461e+01 1.986599918168448937e+02
1.110664069450937097e+00 4.201218720369465842e+01 1.612025597303965299e+02
1.142397328578106608e+00 3.743586767849049579e+01 1.321243302249024509e+02
1.174130587705276341e+00 3.355623006930090213e+01 1.053834412204344062e+02
1.205863846832445851e+00 3.069132744038269323e+01 7.611408396609981253e+01
1.237597105959615584e+00 2.868492869547051427e+01 5.101350107983182625e+01
1.269330365086785095e+00 2.742646337127345646e+01 2.911989247908952549e+01
1.301063624213954828e+00 2.682125557680878458e+01 1.037878280786203078e+01
1.332796883341124339e+00 2.676222127157028652e+01 -5.315956707360014022e+00
1.364530142468294072e+00 2.716147680607982551e+01 -1.680590224443573177e+01
1.396263401595463582e+00 2.783779901521417344e+01 -2.336918911110375063e+01
1.427996660722633315e+00 2.865710490919046549e+01 -2.666175159123368488e+01
1.459729919849802826e+00 2.954415111705312924e+01 -2.635708356534577135e+01
1.491463178976972559e+00 3.034395825737259500e+01 -2.229181565688309519e+01
1.523196438104142292e+00 3.097082731909364739e+01 -1.464443946738502866e+01
1.554929697231311803e+00 3.128120238328523683e+01 -3.615826742682459738e+00
1.586662956358481535e+00 3.120224023062532481e+01 7.083873575974730663e+00
1.618396215485651046e+00 3.082783447442285407e+01 1.688204823258626774e+01
1.650129474612820779e+00 3.012178914373980376e+01 2.657987338312844727e+01
1.681862733739990290e+00 2.912672257790263330e+01 3.442355307025857059e+01
1.713595992867160023e+00 2.791868174724325513e+01 4.068366325343941980e+01
1.745329251994329534e+00 2.652296812968251061e+01 4.368253245252095951e+01
1.777062511121499266e+00 2.512299967028191361e+01 4.376593482866486085e+01
1.808795770248668777e+00 2.372194830064795923e+01 4.409538678720736726e+01
1.840529029375838510e+00 2.230089491590064199e+01 4.347945957562687624e+01
1.872262288503008021e+00 2.093926288780783906e+01 4.215670157842982491e+01
1.903995547630177754e+00 1.960286601488113334e+01 4.102738320699356223e+01
1.935728806757347265e+00 1.831351036256025111e+01 3.881805563998735664e+01
1.967462065884516997e+00 1.711851045392194237e+01 3.664496532217603431e+01
1.999195325011686508e+00 1.596823258194098472e+01 3.431322947894160791e+01
2.030928584138856241e+00 1.492246376726967938e+01 3.040271664310875721e+01
2.062661843266025752e+00 1.402245871678202427e+01 2.602644118255842187e+01
2.094395102393195707e+00 1.325677153158594024e+01 2.152565779354137376e+01
2.126128361520365218e+00 1.264481661799537626e+01 1.672268797946435726e+01
2.157861620647534728e+00 1.218651950090022140e+01 1.270164026237144306e+01
2.189594879774704239e+00 1.183191164120360384e+01 8.819049972187686492e+00
2.221328138901874194e+00 1.162210030268020944e+01 5.113758506367610757e+00
2.253061398029043705e+00 1.150463109679607676e+01 3.004919515958826004e+00
2.284794657156213216e+00 1.142978545365884457e+01 1.789608096772338230e+00
2.316527916283382726e+00 1.139009617860264711e+01 1.242049518080212689e+00
2.348261175410552681e+00 1.135029428450171096e+01 1.712780510439160242e+00
2.379994434537722192e+00 1.128047822593454086e+01 2.171154888926357440e+00
2.411727693664891703e+00 1.121134037161042407e+01 3.167910497698378514e+00
2.443460952792061214e+00 1.107773195408184463e+01 5.026319692405772699e+00
2.475194211919231169e+00 1.088965591129645460e+01 6.284845593666293695e+00
2.506927471046400679e+00 1.067550183608720182e+01 7.193957958974844580e+00
2.538660730173570190e+00 1.042924260192206454e+01 8.337705366062625245e+00
2.570393989300740145e+00 1.014188869265919379e+01 8.835126738329229568e+00
2.602127248427909656e+00 9.863794490668993831e+00 8.824236269082325279e+00
2.633860507555079167e+00 9.577137571437924990e+00 8.632748879883189730e+00
2.665593766682248678e+00 9.311298562356469688e+00 7.298320247543149897e+00
2.697327025809418632e+00 9.110045075595163411e+00 5.299945567178165895e+00
2.729060284936588143e+00 8.972102046057067071e+00 3.677818535658738952e+00
2.760793544063757654e+00 8.874664689313004118e+00 1.284245953981882904e+00
2.792526803190927165e+00 8.889910305002226565e+00 -1.458004247062383296e+00
2.824260062318097120e+00 8.967976961124996649e+00 -3.329732302353088702e+00
2.855993321445266631e+00 9.103013172352824256e+00 -5.195787785775507039e+00
2.887726580572436141e+00 9.300507379414629128e+00 -6.188724806330730743e+00
2.919459839699605652e+00 9.499091559957991038e+00 -5.352240707872990555e+00
2.951193098826775607e+00 9.643050784718500523e+00 -4.606406169050974775e+00
2.982926357953945118e+00 9.793901554777253438e+00 -4.774929569455133027e+00
3.014659617081114629e+00 9.948646277163629037e+00 -4.964353053564851237e+00
3.046392876208284584e+00 1.011162015020540395e+01 -5.312386266734192120e+00
3.078126135335454094e+00 1.028863899823461736e+01 -5.791395212307342888e+00
3.109859394462623605e+00 1.048226944379307390e+01 -5.977800901283747415e+00
3.141592653589793116e+00 1.067121825591677720e+01 -5.904650378865727411e+00
