0.000000000000000000e+00 3.230490616906580499e+02 2.645153973973712880e+01
3.173325912716962877e-02 3.222026124189864618e+02 5.290307947947958667e+01
6.346651825433925753e-02 3.196632646039713563e+02 1.058061589589591733e+02
9.519977738150889324e-02 3.154310182456130747e+02 1.587092384384369836e+02
1.269330365086785151e-01 3.095058733439113894e+02 1.851607781781767699e+02
1.586662956358481369e-01 3.035807284422097609e+02 1.851607781781767699e+02
1.903995547630177865e-01 2.976555835405080757e+02 1.851607781781776509e+02
2.221328138901874083e-01 2.917304386388063904e+02 1.851607781781776509e+02
2.538660730173570301e-01 2.858052937371047051e+02 1.851607781781776509e+02
2.855993321445266520e-01 2.798801488354030198e+02 1.851607781781767699e+02
3.173325912716962738e-01 2.739550039337013914e+02 1.851607781781767699e+02
3.490658503988658956e-01 2.680298590319997061e+02 1.851607781781776509e+02
3.807991095260355729e-01 2.621047141302980208e+02 1.851607781781767699e+02
4.125323686532051948e-01 2.561795692285963923e+02 1.851607781781772246e+02
4.442656277803748166e-01 2.502544243268946786e+02 1.851607781781781057e+02
4.759988869075444384e-01 2.443292794251929934e+02 1.851607781781772246e+02
5.077321460347140603e-01 2.384041345234913365e+02 1.851607781781767699e+02
5.394654051618836821e-01 2.324789896217896796e+02 1.851607781781772246e+02
5.711986642890533039e-01 2.265538447200879943e+02 1.851607781781772246e+02
6.029319234162229257e-01 2.206286998183863375e+02 1.851607781781772246e+02
6.346651825433925476e-01 2.147035549166846522e+02 1.851607781781776509e+02
6.663984416705621694e-01 2.087784100149829669e+02 1.851607781781772246e+02
6.981317007977317912e-01 2.028532651132813101e+02 1.851607781781767699e+02
7.298649599249014130e-01 1.969281202115796532e+02 1.851607781781776509e+02
7.615982190520711459e-01 1.910029753098779395e+02 1.851607781781776509e+02
7.933314781792407677e-01 1.850778304081762826e+02 1.851607781781772246e+02
8.250647373064103896e-01 1.791526855064745973e+02 1.851607781781772246e+02
8.567979964335800114e-01 1.732275406047729405e+02 1.851607781781772246e+02
8.885312555607496332e-01 1.673023957030712552e+02 1.851607781781772246e+02
9.202645146879192550e-01 1.613772508013695983e+02 1.851607781781772246e+02
9.519977738150888769e-01 1.554521058996679130e+02 1.851607781781772246e+02
9.837310329422584987e-01 1.495269609979662562e+02 1.851607781781772246e+02
1.015464292069428121e+00 1.436018160962645709e+02 1.851607781781772246e+02
1.047197551196597853e+00 1.376766711945629140e+02 1.851607781781772246e+02
1.078930810323767364e+00 1.317515262928612287e+02 1.851607781781774520e+02
1.110664069450937097e+00 1.258263813911595577e+02 1.851607781781776509e+02
1.142397328578106608e+00 1.199012364894578582e+02 1.851607781781774520e+02
1.174130587705276341e+00 1.139760915877562013e+02 1.851607781781769972e+02
1.205863846832445851e+00 1.080509466860545302e+02 1.851607781781769972e+02
1.237597105959615584e+00 1.021258017843528734e+02 1.851607781781769972e+02
1.269330365086785095e+00 9.620065688265120230e+01 1.815519053411500749e+02
1.301063624213954828e+00 9.050647984251926914e+01 1.815519053411500749e+02
1.332796883341124339e+00 8.458133494081759807e+01 1.842528976536104039e+02
1.364530142468294072e+00 7.871429439268820261e+01 1.796144301507471823e+02
1.396263401595463582e+00 7.308601141116977828e+01 1.745889039925461077e+02
1.427996660722633315e+00 6.754060453716525103e+01 1.653130397267624687e+02
1.459729919849802826e+00 6.250597686865697966e+01 1.512610761525228327e+02
1.491463178976972559e+00 5.785989566340379042e+01 1.415364813514391358e+02
1.523196438104142292e+00 5.344764206216487423e+01 1.252085667317109881e+02
1.554929697231311803e+00 4.984654739257428702e+01 1.032620345955371732e+02
1.586662956358481535e+00 4.683887184805049486e+01 8.975024992629465714e+01
1.618396215485651046e+00 4.410253139729142902e+01 7.748280128017393054e+01
1.650129474612820779e+00 4.187997256611936336e+01 6.836445279039394052e+01
1.681862733739990290e+00 3.972720641870621705e+01 6.512430065233432686e+01
1.713595992867160023e+00 3.771201732436996679e+01 6.304909245685807662e+01
1.745329251994329534e+00 3.569206450146729992e+01 6.464811391181113720e+01
1.777062511121499266e+00 3.357453803401405423e+01 6.825123560564544789e+01
1.808795770248668777e+00 3.132398542270599151e+01 7.070460729528871013e+01
1.840529029375838510e+00 2.904944316711557661e+01 7.260280710793665548e+01
1.872262288503008021e+00 2.667740576779804584e+01 7.549148731725490791e+01
1.903995547630177754e+00 2.421798797881126220e+01 7.696458713609538904e+01
1.935728806757347265e+00 2.175167219108794114e+01 7.527132206398113112e+01
1.967462065884516997e+00 1.940062336671647003e+01 7.116372967996770171e+01
1.999195325011686508e+00 1.719719349157000821e+01 6.640703566851591688e+01
2.030928584138856241e+00 1.515057308393145163e+01 6.013222821746236235e+01
2.062661843266025752e+00 1.334873088565241694e+01 5.195290696129034558e+01
2.094395102393195707e+00 1.182558703840886949e+01 4.220328769935873936e+01
2.126128361520365218e+00 1.064772047289345736e+01 3.101229369429925242e+01
2.157861620647534728e+00 9.840800241973717277e+00 2.000298256175631195e+01
2.189594879774704239e+00 9.367529588941053476e+00 1.026851606636475189e+01
2.221328138901874194e+00 9.183615213726373128e+00 1.974305882348065255e+00
2.253061398029043705e+00 9.241174012470777299e+00 -4.675224131807653727e+00
2.284794657156213216e+00 9.482829558162062966e+00 -9.398541926714964134e+00
2.316527916283382726e+00 9.842680695780535061e+00 -1.155393506315033392e+01
2.348261175410552681e+00 1.022228140220368431e+01 -1.048208804115435733e+01
2.379994434537722192e+00 1.051353433041441399e+01 -7.296566701017637158e+00
2.411727693664891703e+00 1.068926167106881309e+01 -3.257132691893676935e+00
2.443460952792061214e+00 1.072199082269560932e+01 1.468653391512808604e+00
2.475194211919231169e+00 1.059526785401199334e+01 6.893017134567386073e+00
2.506927471046400679e+00 1.028083772608329660e+01 1.205264633488031834e+01
2.538660730173570190e+00 9.823898488579652977e+00 1.623727589249621062e+01
2.570393989300740145e+00 9.241652068963539080e+00 1.865069810668096295e+01
2.602127248427909656e+00 8.630253809752071348e+00 1.922444103068618304e+01
2.633860507555079167e+00 8.011287842999623265e+00 1.872580615366892332e+01
2.665593766682248678e+00 7.431802215917260312e+00 1.652545604216536290e+01
2.697327025809418632e+00 6.953658656301040075e+00 1.189075400061458154e+01
2.729060284936588143e+00 6.670793959877927115e+00 5.995792428918567119e+00
2.760793544063757654e+00 6.569927940850251780e+00 -1.928084472589935983e+00
2.792526803190927165e+00 6.794191366123683018e+00 -1.211494248654300421e+01
2.824260062318097120e+00 7.345284259989004028e+00 -2.349246439278855547e+01
2.855993321445266631e+00 8.297709087262150618e+00 -3.618062347988604444e+01
2.887726580572436141e+00 9.660844162701710758e+00 -4.865688130135167455e+01
2.919459839699605652e+00 1.141174949054865806e+01 -6.085643677710139343e+01
2.951193098826775607e+00 1.355565611643620016e+01 -7.407169255155515941e+01
2.982926357953945118e+00 1.615233781384818812e+01 -8.308236596315259703e+01
3.014659617081114629e+00 1.887292753807796686e+01 -8.660892227553156886e+01
3.046392876208284584e+00 2.169530883948220890e+01 -8.841982759986154861e+01
3.078126135335454094e+00 2.453179650446910642e+01 -8.793967058936047465e+01
3.109859394462623605e+00 2.732344775720127927e+01 -8.945599211455240152e+01
3.141592653589793116e+00 3.025697999980046049e+01 -9.167288258122441391e+01
