0.000000000000000000e+00 1.034814847637367023e+02 4.521080553059775298e+00
3.173325912716962877e-02 1.033368101860387895e+02 9.042161106118884462e+00
6.346651825433925753e-02 1.029027864529450937e+02 1.808432221223732483e+01
9.519977738150889324e-02 1.021794135644556007e+02 2.712648331835620752e+01
1.269330365086785151e-01 1.011666915205702963e+02 3.164756387141553873e+01
1.586662956358481369e-01 1.001539694766850062e+02 3.164756387141576255e+01
1.903995547630177865e-01 9.914124743279968754e+01 3.164756387141598282e+01
2.221328138901874083e-01 9.812852538891438314e+01 3.164756387141576255e+01
2.538660730173570301e-01 9.711580334502907874e+01 3.164756387141553873e+01
2.855993321445266520e-01 9.610308130114378855e+01 3.164756387141531846e+01
3.173325912716962738e-01 9.509035925725849836e+01 3.164756387141553873e+01
3.490658503988658956e-01 9.407763721337319396e+01 3.164756387141576255e+01
3.807991095260355729e-01 9.306491516948788956e+01 3.164756387141553873e+01
4.125323686532051948e-01 9.205219312560259937e+01 3.164756387141553873e+01
4.442656277803748166e-01 9.103947108171729496e+01 3.164756387141576255e+01
4.759988869075444384e-01 9.002674903783199056e+01 3.164756387141576255e+01
5.077321460347140603e-01 8.901402699394668616e+01 3.164756387141576255e+01
5.394654051618836821e-01 8.800130495006138176e+01 3.164756387141576255e+01
5.711986642890533039e-01 8.698858290617607736e+01 3.164756387141553873e+01
6.029319234162229257e-01 8.597586086229078717e+01 3.164756387141553873e+01
6.346651825433925476e-01 8.496313881840548277e+01 3.164756387141576255e+01
6.663984416705621694e-01 8.395041677452017836e+01 3.164756387141553873e+01
6.981317007977317912e-01 8.293769473063488817e+01 3.164756387141553873e+01
7.298649599249014130e-01 8.192497268674958377e+01 3.164756387141576255e+01
7.615982190520711459e-01 8.091225064286427937e+01 3.164756387141576255e+01
7.933314781792407677e-01 7.989952859897897497e+01 3.164756387141576255e+01
8.250647373064103896e-01 7.888680655509367057e+01 3.164756387141576255e+01
8.567979964335800114e-01 7.787408451120836617e+01 3.164756387141553873e+01
8.885312555607496332e-01 7.686136246732307598e+01 3.164756387141553873e+01
9.202645146879192550e-01 7.584864042343777157e+01 3.164756387141576255e+01
9.519977738150888769e-01 7.483591837955246717e+01 3.164756387141553873e+01
9.837310329422584987e-01 7.382319633566717698e+01 3.164756387141553873e+01
1.015464292069428121e+00 7.281047429178187258e+01 3.164756387141576255e+01
1.047197551196597853e+00 7.179775224789656818e+01 3.164756387141576255e+01
1.078930810323767364e+00 7.078503020401126378e+01 3.164756387141576255e+01
1.110664069450937097e+00 6.977230816012595938e+01 3.164756387141553873e+01
1.142397328578106608e+00 6.875958611624066918e+01 3.164756387141553873e+01
1.174130587705276341e+00 6.774686407235536478e+01 3.164756387141576255e+01
1.205863846832445851e+00 6.673414202847006038e+01 3.164756387141553873e+01
1.237597105959615584e+00 6.572141998458477019e+01 3.164756387141553873e+01
1.269330365086785095e+00 6.470869794069946579e+01 3.164756387141565241e+01
1.301063624213954828e+00 6.369597589681416849e+01 2.347305926617482186e+01
1.332796883341124339e+00 6.320642214766427713e+01 1.443089816005604931e+01
1.364530142468294072e+00 6.277239841457058134e+01 1.340798328286651930e+01
1.396263401595463582e+00 6.234831121756081984e+01 1.484148702476362125e+01
1.427996660722633315e+00 6.182254324498570952e+01 1.194362734327270026e+01
1.459729919849802826e+00 6.158391906759136702e+01 1.072599019840258983e+01
1.491463178976972559e+00 6.113607987228794372e+01 2.715508544573319583e+01
1.523196438104142292e+00 5.984599359906444249e+01 5.211043540648929451e+01
1.554929697231311803e+00 5.780101200627262870e+01 7.028379969483655998e+01
1.586662956358481535e+00 5.534783041859490282e+01 8.034963877821598999e+01
1.618396215485651046e+00 5.265863512446680517e+01 8.401913652918857167e+01
1.650129474612820779e+00 4.997060568072683395e+01 9.047356108256055052e+01
1.681862733739990290e+00 4.686832721518292999e+01 9.798207125449221166e+01
1.713595992867160023e+00 4.369975312043933258e+01 8.826745188295048195e+01
1.745329251994329534e+00 4.121921029467409880e+01 7.875994584861423675e+01
1.777062511121499266e+00 3.865911658612802171e+01 7.843817566699495103e+01
1.808795770248668777e+00 3.619916705198642148e+01 7.647781326094671783e+01
1.840529029375838510e+00 3.376453653742743199e+01 7.898647293670323677e+01
1.872262288503008021e+00 3.114403278403741382e+01 8.285715418537220955e+01
1.903995547630177754e+00 2.846167866956361081e+01 8.174505893500760578e+01
1.935728806757347265e+00 2.591234901219692688e+01 8.012016161909789957e+01
1.967462065884516997e+00 2.333398832594134475e+01 7.790334543906796227e+01
1.999195325011686508e+00 2.092653490409657735e+01 7.318326419908083835e+01
2.030928584138856241e+00 1.865025941720017144e+01 6.908544064147237407e+01
2.062661843266025752e+00 1.650506670304234547e+01 6.306585231315148121e+01
2.094395102393195707e+00 1.461404486915847656e+01 5.622456748290851891e+01
2.126128361520365218e+00 1.290669438413620007e+01 5.093497821922262858e+01
2.157861620647534728e+00 1.135420626312822812e+01 4.482142135681368700e+01
2.189594879774704239e+00 1.003812341730012392e+01 3.730647272746409726e+01
2.221328138901874194e+00 8.966592008570525962e+00 2.967896958533261298e+01
2.253061398029043705e+00 8.138669363838836546e+00 2.291431110139273386e+01
2.284794657156213216e+00 7.500076098081390974e+00 1.668321294647842734e+01
2.316527916283382726e+00 7.070943735264217267e+00 1.080983698467491472e+01
2.348261175410552681e+00 6.808246531062196460e+00 5.187346348793392181e+00
2.379994434537722192e+00 6.738953568941440153e+00 -9.816448334341865145e-02
2.411727693664891703e+00 6.814529057996175254e+00 -3.246209003074318478e+00
2.443460952792061214e+00 6.946710945138196536e+00 -5.256232341732350655e+00
2.475194211919231169e+00 7.150927927867045675e+00 -7.032224289540894624e+00
2.506927471046400679e+00 7.396773299668813806e+00 -6.517377809038396030e+00
2.538660730173570190e+00 7.568040107645503056e+00 -4.808327442090046588e+00
2.570393989300740145e+00 7.704506255962576766e+00 -1.818500267439654428e+00
2.602127248427909656e+00 7.684424124761640940e+00 2.275880133974214736e+00
2.633860507555079167e+00 7.558849927388227030e+00 5.115153076180087410e+00
2.665593766682248678e+00 7.357054327886115352e+00 9.029909881869620847e+00
2.697327025809418632e+00 6.980935694948571246e+00 1.263388707448487303e+01
2.729060284936588143e+00 6.548485555119083479e+00 1.427731118618674699e+01
2.760793544063757654e+00 6.067187779032619410e+00 1.572392087875422462e+01
2.792526803190927165e+00 5.542154618878813110e+00 1.542490131914016338e+01
2.824260062318097120e+00 5.079994094607648947e+00 1.468877467455108388e+01
2.855993321445266631e+00 4.602073039707543778e+00 1.438098991941689953e+01
2.887726580572436141e+00 4.159610739764967313e+00 1.163757762490496361e+01
2.919459839699605652e+00 3.857268071713626068e+00 9.143921663611081385e+00
2.951193098826775607e+00 3.574399753293858062e+00 7.372318164174059163e+00
2.982926357953945118e+00 3.385439709206486292e+00 5.172000872867648980e+00
3.014659617081114629e+00 3.243391697430328513e+00 4.070349910650319813e+00
3.046392876208284584e+00 3.124937314924865817e+00 2.500504735432736325e+00
3.078126135335454094e+00 3.083359394362633399e+00 6.774709202249997730e-01
3.109859394462623605e+00 3.081579176030465828e+00 3.442119263833767762e-01
3.141592653589793116e+00 3.061329831074097285e+00 6.327920298865169491e-01
