0.000000000000000000e+00 9.854245077289843380e+01 4.432368724132551563e+00
3.173325912716962877e-02 9.840061497372619215e+01 8.864737448265103126e+00
6.346651825433925753e-02 9.797510757620946720e+01 1.772947489653020625e+01
9.519977738150889324e-02 9.726592858034825895e+01 2.659421234479508556e+01
1.269330365086785151e-01 9.627307798614258161e+01 3.102658106892741685e+01
1.586662956358481369e-01 9.528022739193690427e+01 3.102658106892763712e+01
1.903995547630177865e-01 9.428737679773121272e+01 3.102658106892786094e+01
2.221328138901874083e-01 9.329452620352552117e+01 3.102658106892741685e+01
2.538660730173570301e-01 9.230167560931985804e+01 3.102658106892719303e+01
2.855993321445266520e-01 9.130882501511418070e+01 3.102658106892741685e+01
3.173325912716962738e-01 9.031597442090850336e+01 3.102658106892763712e+01
3.490658503988658956e-01 8.932312382670281181e+01 3.102658106892763712e+01
3.807991095260355729e-01 8.833027323249713447e+01 3.102658106892741685e+01
4.125323686532051948e-01 8.733742263829145713e+01 3.102658106892763712e+01
4.442656277803748166e-01 8.634457204408576558e+01 3.102658106892763712e+01
4.759988869075444384e-01 8.535172144988008824e+01 3.102658106892763712e+01
5.077321460347140603e-01 8.435887085567439669e+01 3.102658106892719303e+01
5.394654051618836821e-01 8.336602026146874778e+01 3.102658106892719303e+01
5.711986642890533039e-01 8.237316966726305623e+01 3.102658106892763712e+01
6.029319234162229257e-01 8.138031907305737889e+01 3.102658106892763712e+01
6.346651825433925476e-01 8.038746847885168734e+01 3.102658106892763712e+01
6.663984416705621694e-01 7.939461788464601000e+01 3.102658106892763712e+01
6.981317007977317912e-01 7.840176729044031845e+01 3.102658106892763712e+01
7.298649599249014130e-01 7.740891669623464111e+01 3.102658106892741685e+01
7.615982190520711459e-01 7.641606610202896377e+01 3.102658106892763712e+01
7.933314781792407677e-01 7.542321550782327222e+01 3.102658106892786094e+01
8.250647373064103896e-01 7.443036491361758067e+01 3.102658106892741685e+01
8.567979964335800114e-01 7.343751431941191754e+01 3.102658106892719303e+01
8.885312555607496332e-01 7.244466372520624020e+01 3.102658106892763712e+01
9.202645146879192550e-01 7.145181313100054865e+01 3.102658106892763712e+01
9.519977738150888769e-01 7.045896253679487131e+01 3.102658106892741685e+01
9.837310329422584987e-01 6.946611194258919397e+01 3.102658106892741685e+01
1.015464292069428121e+00 6.847326134838351663e+01 3.102658106892763712e+01
1.047197551196597853e+00 6.748041075417782508e+01 3.102658106892763712e+01
1.078930810323767364e+00 6.648756015997214774e+01 3.102658106892741685e+01
1.110664069450937097e+00 6.549470956576647040e+01 3.102658106892763712e+01
1.142397328578106608e+00 6.450185897156077885e+01 3.102658106892752699e+01
1.174130587705276341e+00 6.350900837735510862e+01 3.102658106892741685e+01
1.205863846832445851e+00 6.251615778314942418e+01 3.102658106892752699e+01
1.237597105959615584e+00 6.152330718894374684e+01 3.102658106892741685e+01
1.269330365086785095e+00 6.053045659473806950e+01 3.102658106892763712e+01
1.301063624213954828e+00 5.953760600053237795e+01 3.102658106892763712e+01
1.332796883341124339e+00 5.854475540632670061e+01 3.102658106892741685e+01
1.364530142468294072e+00 5.755190481212102327e+01 3.102658106892741685e+01
1.396263401595463582e+00 5.655905421791534593e+01 3.102658106892752699e+01
1.427996660722633315e+00 5.556620362370966149e+01 3.102658106892752699e+01
1.459729919849802826e+00 5.457335302950398415e+01 3.102658106892763712e+01
1.491463178976972559e+00 5.358050243529829260e+01 3.102658106892763712e+01
1.523196438104142292e+00 5.258765184109261526e+01 2.778976437607449768e+01
1.554929697231311803e+00 5.180195751522952463e+01 2.778976437607461136e+01
1.586662956358481535e+00 5.080910692102384019e+01 3.734069429056907552e+01
1.618396215485651046e+00 4.941215308063310374e+01 4.765210165017430199e+01
1.650129474612820779e+00 4.775937241541268463e+01 5.766692538481810004e+01
1.681862733739990290e+00 4.572146985600474522e+01 6.872846441782608906e+01
1.713595992867160023e+00 4.336075069267181448e+01 7.646875320155577072e+01
1.745329251994329534e+00 4.082746965110517579e+01 8.699966428252569983e+01
1.777062511121499266e+00 3.779277217859016957e+01 9.556797527910553924e+01
1.808795770248668777e+00 3.471111923324242099e+01 9.092139183234087341e+01
1.840529029375838510e+00 3.197380310132035319e+01 8.356637544954293162e+01
1.872262288503008021e+00 2.936287120447167354e+01 7.756279645872044171e+01
1.903995547630177754e+00 2.700978412796224504e+01 7.110867982800472475e+01
1.935728806757347265e+00 2.481191569547937092e+01 6.794071816924534346e+01
1.967462065884516997e+00 2.266157816513054257e+01 6.440301591645447843e+01
1.999195325011686508e+00 2.069012267682628448e+01 5.940187539469688005e+01
2.030928584138856241e+00 1.885985813986994231e+01 5.774708256257765271e+01
2.062661843266025752e+00 1.699430939282131447e+01 5.685632614807647656e+01
2.094395102393195707e+00 1.522105326639304756e+01 5.409754471523409336e+01
2.126128361520365218e+00 1.353206653104633261e+01 4.995673230541463994e+01
2.157861620647534728e+00 1.202382239884651050e+01 4.465322718364811294e+01
2.189594879774704239e+00 1.067425999129285330e+01 3.911015703798534560e+01
2.221328138901874194e+00 9.520772348415448505e+00 3.254072256937418217e+01
2.253061398029043705e+00 8.591653746852905726e+00 2.540701689676086517e+01
2.284794657156213216e+00 7.894723267022753177e+00 1.884252005701199195e+01
2.316527916283382726e+00 7.385732463204138121e+00 1.226743049936275476e+01
2.348261175410552681e+00 7.109607715063536837e+00 5.774603618932117044e+00
2.379994434537722192e+00 7.016157831592482630e+00 5.541595957840178555e-01
2.411727693664891703e+00 7.074141500933359694e+00 -3.348112180916712255e+00
2.443460952792061214e+00 7.230437011171152228e+00 -5.709385963144769427e+00
2.475194211919231169e+00 7.439542202574624952e+00 -6.380025261245189760e+00
2.506927471046400679e+00 7.638758627890844366e+00 -4.889593300368797024e+00
2.538660730173570190e+00 7.752476173798227954e+00 -1.871477447939875915e+00
2.570393989300740145e+00 7.758533184558996432e+00 2.131972941081472506e+00
2.602127248427909656e+00 7.616029905569013714e+00 6.777810448733739612e+00
2.633860507555079167e+00 7.324753315840037082e+00 1.140515557035064198e+01
2.665593766682248678e+00 6.886099949066572634e+00 1.579478010548053568e+01
2.697327025809418632e+00 6.313887389089282820e+00 1.911633069653630201e+01
2.729060284936588143e+00 5.662654784488249327e+00 1.996960686095200543e+01
2.760793544063757654e+00 5.035832549988354501e+00 1.954483506733373233e+01
2.792526803190927165e+00 4.411785340178890458e+00 1.847937493717409296e+01
2.824260062318097120e+00 3.853152554009212416e+00 1.552795122784023008e+01
2.855993321445266631e+00 3.417996461597115676e+00 1.156807265335769230e+01
2.887726580572436141e+00 3.112795904194320062e+00 7.095728400472913755e+00
2.919459839699605652e+00 2.963869843966849160e+00 1.863655683963398646e+00
2.951193098826775607e+00 2.993521940420662553e+00 -3.238051724966078737e+00
2.982926357953945118e+00 3.171105154364678214e+00 -8.456124844169465860e+00
3.014659617081114629e+00 3.534713930447508368e+00 -1.395754035699728313e+01
3.046392876208284584e+00 4.064387737212504348e+00 -1.841091565065854141e+01
3.078126135335454094e+00 4.713012532089654982e+00 -2.197907455267920795e+01
3.109859394462623605e+00 5.471048508583973735e+00 -2.448017236597064894e+01
3.141592653589793116e+00 6.279743563511776649e+00 -2.527172046649383930e+01
