0.000000000000000000e+00 1.169502524500133660e+02 5.037116660128404533e+00
3.173325912716962877e-02 1.167890647168892571e+02 1.007423332025703111e+01
6.346651825433925753e-02 1.163055015175169160e+02 2.014846664051428249e+01
9.519977738150889324e-02 1.154995628518963429e+02 3.022269996077175946e+01
1.269330365086785151e-01 1.143712487200275234e+02 3.525981662090038782e+01
1.586662956358481369e-01 1.132429345881587182e+02 3.525981662089994018e+01
1.903995547630177865e-01 1.121146204562899271e+02 3.525981662089971991e+01
2.221328138901874083e-01 1.109863063244211361e+02 3.525981662089971991e+01
2.538660730173570301e-01 1.098579921925523450e+02 3.525981662090016044e+01
2.855993321445266520e-01 1.087296780606835256e+02 3.525981662090038782e+01
3.173325912716962738e-01 1.076013639288147203e+02 3.525981662089994018e+01
3.490658503988658956e-01 1.064730497969459293e+02 3.525981662089994018e+01
3.807991095260355729e-01 1.053447356650771241e+02 3.525981662089994018e+01
4.125323686532051948e-01 1.042164215332083330e+02 3.525981662090016044e+01
4.442656277803748166e-01 1.030881074013395136e+02 3.525981662090038782e+01
4.759988869075444384e-01 1.019597932694707083e+02 3.525981662089994018e+01
5.077321460347140603e-01 1.008314791376019173e+02 3.525981662089994018e+01
5.394654051618836821e-01 9.970316500573311203e+01 3.525981662089994018e+01
5.711986642890533039e-01 9.857485087386432099e+01 3.525981662089994018e+01
6.029319234162229257e-01 9.744653674199551574e+01 3.525981662090038782e+01
6.346651825433925476e-01 9.631822261012669628e+01 3.525981662089994018e+01
6.663984416705621694e-01 9.518990847825791946e+01 3.525981662089971991e+01
6.981317007977317912e-01 9.406159434638911421e+01 3.525981662090016044e+01
7.298649599249014130e-01 9.293328021452030896e+01 3.525981662090016044e+01
7.615982190520711459e-01 9.180496608265150371e+01 3.525981662090038782e+01
7.933314781792407677e-01 9.067665195078268425e+01 3.525981662089994018e+01
8.250647373064103896e-01 8.954833781891390743e+01 3.525981662089971991e+01
8.567979964335800114e-01 8.842002368704510218e+01 3.525981662090038782e+01
8.885312555607496332e-01 8.729170955517628272e+01 3.525981662090016044e+01
9.202645146879192550e-01 8.616339542330749168e+01 3.525981662090016044e+01
9.519977738150888769e-01 8.503508129143867222e+01 3.525981662089994018e+01
9.837310329422584987e-01 8.390676715956989540e+01 3.525981662089971991e+01
1.015464292069428121e+00 8.277845302770109015e+01 3.525981662090038782e+01
1.047197551196597853e+00 8.165013889583227069e+01 3.525981662090016044e+01
1.078930810323767364e+00 8.052182476396347965e+01 3.525981662089971991e+01
1.110664069450937097e+00 7.939351063209468862e+01 3.525981662089994018e+01
1.142397328578106608e+00 7.826519650022588337e+01 3.525981662090016044e+01
1.174130587705276341e+00 7.713688236835707812e+01 3.525981662090038782e+01
1.205863846832445851e+00 7.600856823648825866e+01 3.525981662090016044e+01
1.237597105959615584e+00 7.488025410461946763e+01 3.525981662089971991e+01
1.269330365086785095e+00 7.375193997275067659e+01 3.525981662089994018e+01
1.301063624213954828e+00 7.262362584088187134e+01 3.525981662090016044e+01
1.332796883341124339e+00 7.149531170901306609e+01 3.525981662090016044e+01
1.364530142468294072e+00 7.036699757714426084e+01 3.525981662090016044e+01
1.396263401595463582e+00 6.923868344527545560e+01 3.508291808750274754e+01
1.427996660722633315e+00 6.812169081954408512e+01 3.508291808750252017e+01
1.459729919849802826e+00 6.699337668767529408e+01 3.987304628085941260e+01
1.491463178976972559e+00 6.556981585756908260e+01 4.909950560077835746e+01
1.523196438104142292e+00 6.385100832922547909e+01 4.573869493305671341e+01
1.554929697231311803e+00 6.264253938185345305e+01 3.816054013878944318e+01
1.586662956358481535e+00 6.140873376034295461e+01 4.367947225220869711e+01
1.618396215485651046e+00 5.984705315771209655e+01 5.769860626899425426e+01
1.650129474612820779e+00 5.771602295912732217e+01 7.341193902509490954e+01
1.681862733739990290e+00 5.514868906010602245e+01 8.090462994606184566e+01
1.713595992867160023e+00 5.253812664257936405e+01 8.391498528039443272e+01
1.745329251994329534e+00 4.977813000216077910e+01 1.007606814324386590e+02
1.777062511121499266e+00 4.608944303090328987e+01 1.174460896100300005e+02
1.808795770248668777e+00 4.226158026711885896e+01 1.191774462034129698e+02
1.840529029375838510e+00 3.846208647388485957e+01 1.132919169407534667e+02
1.872262288503008021e+00 3.501089758291063703e+01 1.044183119309928287e+02
1.903995547630177754e+00 3.177931451030131882e+01 9.951839570134102075e+01
1.935728806757347265e+00 2.864172025802481159e+01 9.422347623540183292e+01
1.967462065884516997e+00 2.574901203123560123e+01 8.556494892608490943e+01
1.999195325011686508e+00 2.316556352675537767e+01 8.077368846661036628e+01
2.030928584138856241e+00 2.057949596937253744e+01 7.748930923444402197e+01
2.062661843266025752e+00 1.820624773575096000e+01 7.180719956295600070e+01
2.094395102393195707e+00 1.598383519734335323e+01 6.597026802266125856e+01
2.126128361520365218e+00 1.398415058230063934e+01 5.792975325968335909e+01
2.157861620647534728e+00 1.227633098872361828e+01 4.925505882553066073e+01
2.189594879774704239e+00 1.083182681746667697e+01 4.226139571416315022e+01
2.221328138901874194e+00 9.571601663017176520e+00 3.462023260281093684e+01
2.253061398029043705e+00 8.616131930886776757e+00 2.596027653952434733e+01
2.284794657156213216e+00 7.910143964487618362e+00 1.832008911377411309e+01
2.316527916283382726e+00 7.443646227605233534e+00 1.152357023012430481e+01
2.348261175410552681e+00 7.172635469759662818e+00 6.458644471111926855e+00
2.379994434537722192e+00 7.030292981454070222e+00 2.239130761284305215e+00
2.411727693664891703e+00 7.029331101037467278e+00 -1.759312801737966669e+00
2.443460952792061214e+00 7.142889000765300089e+00 -4.321305269868457977e+00
2.475194211919231169e+00 7.305894638309048617e+00 -4.806556879932158743e+00
2.506927471046400679e+00 7.450508641080958228e+00 -3.365828350576055339e+00
2.538660730173570190e+00 7.521307652745916172e+00 -8.438649066699333012e-01
2.570393989300740145e+00 7.504515995107833959e+00 1.623364887985367933e+00
2.602127248427909656e+00 7.417412299914852625e+00 4.647570126717736727e+00
2.633860507555079167e+00 7.207071506997898780e+00 8.214429094880001614e+00
2.665593766682248678e+00 6.891688837842532500e+00 1.229846484494943937e+01
2.697327025809418632e+00 6.419969756921134696e+00 1.589344508995803373e+01
2.729060284936588143e+00 5.874508352085218377e+00 1.679742024206422357e+01
2.760793544063757654e+00 5.344934861429024409e+00 1.652870466083021483e+01
2.792526803190927165e+00 4.816671253792084606e+00 1.664981954940422781e+01
2.824260062318097120e+00 4.279346410267153900e+00 1.588446460842706642e+01
2.855993321445266631e+00 3.800065518852752344e+00 1.401237389510460218e+01
2.887726580572436141e+00 3.382554480980459299e+00 1.010896895806733653e+01
2.919459839699605652e+00 3.153091505536442796e+00 5.015254431745136188e+00
2.951193098826775607e+00 3.061578197348770569e+00 1.792558003042649117e+00
2.982926357953945118e+00 3.038367793341713252e+00 -4.271484452100585139e-01
3.014659617081114629e+00 3.088915697842214314e+00 -4.570013406996594085e+00
3.046392876208284584e+00 3.330848651389495263e+00 -9.878384192822123211e+00
3.078126135335454094e+00 3.721132286182830207e+00 -1.268446186415369326e+01
3.109859394462623605e+00 4.142654210695331685e+00 -1.273811128473766097e+01
3.141592653589793116e+00 4.536371408406040473e+00 -1.230366242845964919e+01
