0.000000000000000000e+00 2.590506266041393246e+02 1.928017114143543154e+01
3.173325912716962877e-02 2.584336611276133908e+02 3.856034228286819854e+01
6.346651825433925753e-02 2.565827646980357599e+02 7.712068456573372544e+01
9.519977738150889324e-02 2.534979373154064319e+02 1.156810268486010358e+02
1.269330365086785151e-01 2.491791789797252932e+02 1.349611979900351457e+02
1.586662956358481369e-01 2.448604206440441828e+02 1.349611979900351457e+02
1.903995547630177865e-01 2.405416623083630441e+02 1.349611979900351457e+02
2.221328138901874083e-01 2.362229039726819337e+02 1.349611979900346910e+02
2.538660730173570301e-01 2.319041456370008234e+02 1.349611979900346910e+02
2.855993321445266520e-01 2.275853873013197131e+02 1.349611979900342646e+02
3.173325912716962738e-01 2.232666289656386311e+02 1.349611979900346910e+02
3.490658503988658956e-01 2.189478706299574924e+02 1.349611979900355720e+02
3.807991095260355729e-01 2.146291122942763536e+02 1.349611979900355720e+02
4.125323686532051948e-01 2.103103539585952149e+02 1.349611979900351457e+02
4.442656277803748166e-01 2.059915956229141045e+02 1.349611979900346910e+02
4.759988869075444384e-01 2.016728372872329942e+02 1.349611979900351457e+02
5.077321460347140603e-01 1.973540789515518554e+02 1.349611979900355720e+02
5.394654051618836821e-01 1.930353206158707167e+02 1.349611979900346910e+02
5.711986642890533039e-01 1.887165622801896347e+02 1.349611979900342646e+02
6.029319234162229257e-01 1.843978039445085244e+02 1.349611979900346910e+02
6.346651825433925476e-01 1.800790456088274141e+02 1.349611979900351457e+02
6.663984416705621694e-01 1.757602872731462753e+02 1.349611979900351457e+02
6.981317007977317912e-01 1.714415289374651650e+02 1.349611979900346910e+02
7.298649599249014130e-01 1.671227706017840546e+02 1.349611979900351457e+02
7.615982190520711459e-01 1.628040122661029159e+02 1.349611979900351457e+02
7.933314781792407677e-01 1.584852539304218055e+02 1.349611979900351457e+02
8.250647373064103896e-01 1.541664955947406668e+02 1.349611979900351457e+02
8.567979964335800114e-01 1.498477372590595564e+02 1.349611979900342646e+02
8.885312555607496332e-01 1.455289789233784745e+02 1.349611979900346910e+02
9.202645146879192550e-01 1.412102205876973358e+02 1.349611979900355720e+02
9.519977738150888769e-01 1.368914622520161970e+02 1.349611979900351457e+02
9.837310329422584987e-01 1.325727039163350867e+02 1.349611979900346910e+02
1.015464292069428121e+00 1.282539455806539763e+02 1.349611979900346910e+02
1.047197551196597853e+00 1.239351872449728660e+02 1.349611979900351457e+02
1.078930810323767364e+00 1.196164289092917272e+02 1.349611979900351457e+02
1.110664069450937097e+00 1.152976705736106169e+02 1.349611979900346910e+02
1.142397328578106608e+00 1.109789122379295065e+02 1.349611979900349183e+02
1.174130587705276341e+00 1.066601539022483820e+02 1.349611979900349183e+02
1.205863846832445851e+00 1.023413955665672717e+02 1.349611979900346910e+02
1.237597105959615584e+00 9.802263723088616132e+01 1.349611979900349183e+02
1.269330365086785095e+00 9.370387889520503677e+01 1.349611979900349183e+02
1.301063624213954828e+00 8.938512055952392643e+01 1.349611979900351457e+02
1.332796883341124339e+00 8.506636222384278767e+01 1.316521055416752688e+02
1.364530142468294072e+00 8.095938580485670855e+01 1.316521055416748425e+02
1.396263401595463582e+00 7.664062746917559821e+01 1.253009399041560243e+02
1.427996660722633315e+00 7.294012565099072276e+01 1.128416102220413109e+02
1.459729919849802826e+00 6.941876441496495431e+01 1.004900372160144570e+02
1.491463178976972559e+00 6.650876326916579728e+01 9.777841360474459975e+01
1.523196438104142292e+00 6.316094594426130016e+01 9.618291037376779684e+01
1.554929697231311803e+00 6.035305700524465777e+01 9.390067332573670456e+01
1.586662956358481535e+00 5.715130285141415101e+01 9.243828000655629751e+01
1.618396215485651046e+00 5.443700708482505490e+01 9.055103659408946726e+01
1.650129474612820779e+00 5.135603650939242470e+01 9.577265463108631138e+01
1.681862733739990290e+00 4.830755718843553126e+01 1.030820200597910485e+02
1.713595992867160023e+00 4.475878722556579703e+01 1.001213253196691113e+02
1.745329251994329534e+00 4.189979236797670836e+01 9.328206963242702443e+01
1.777062511121499266e+00 3.878873476909046758e+01 9.007649545785389478e+01
1.808795770248668777e+00 3.613489665867405876e+01 8.348010824397621832e+01
1.840529029375838510e+00 3.344600784147598915e+01 8.372984445210718718e+01
1.872262288503008021e+00 3.077618661373919906e+01 8.173595333180105627e+01
1.903995547630177754e+00 2.821490682824072138e+01 7.692036938736279694e+01
1.935728806757347265e+00 2.585328297294798006e+01 7.281665012296717521e+01
1.967462065884516997e+00 2.355464122037082220e+01 7.103240069200900564e+01
1.999195325011686508e+00 2.130720932865940398e+01 6.898522369994680048e+01
2.030928584138856241e+00 1.913958690357422654e+01 6.551939952944735523e+01
2.062661843266025752e+00 1.711396775877477339e+01 6.152985065065485770e+01
2.094395102393195707e+00 1.520167646193231548e+01 5.783117844470883284e+01
2.126128361520365218e+00 1.341277233831340787e+01 5.332297278684671937e+01
2.157861620647534728e+00 1.178900620357412521e+01 4.747647043547625856e+01
2.189594879774704239e+00 1.037427823044292730e+01 4.069653001284351035e+01
2.221328138901874194e+00 9.184428282752140404e+00 3.342965611939307990e+01
2.253061398029043705e+00 8.234780238801770125e+00 2.593887620691255691e+01
2.284794657156213216e+00 7.524340205509736812e+00 1.775846624748107772e+01
2.316527916283382726e+00 7.098238398962981144e+00 1.020800725101506146e+01
2.348261175410552681e+00 6.871027741444772907e+00 4.214874665309175761e+00
2.379994434537722192e+00 6.828486420383193867e+00 -6.635668228250207745e-01
2.411727693664891703e+00 6.913496018105574237e+00 -3.436321771125863567e+00
2.443460952792061214e+00 7.048411013735249142e+00 -4.346901652857046550e+00
2.475194211919231169e+00 7.191697723888425209e+00 -4.108038735609317982e+00
2.506927471046400679e+00 7.311325492814245486e+00 -2.311887801505194240e+00
2.538660730173570190e+00 7.339658543184757633e+00 1.192200366913753751e-01
2.570393989300740145e+00 7.303695410465997462e+00 2.744587381402374682e+00
2.602127248427909656e+00 7.164004950775005653e+00 5.943084228734643482e+00
2.633860507555079167e+00 6.923338019826980272e+00 8.412423021073339058e+00
2.665593766682248678e+00 6.625609877426311911e+00 9.936960152299972648e+00
2.697327025809418632e+00 6.287372570079782008e+00 1.114772418880938254e+01
2.729060284936588143e+00 5.912155529342511429e+00 1.208442783147238586e+01
2.760793544063757654e+00 5.513969188865549320e+00 1.234842104810482333e+01
2.792526803190927165e+00 5.121856582263802693e+00 1.180313565076562732e+01
2.824260062318097120e+00 4.758568507216549115e+00 1.116732717447314904e+01
2.855993321445266631e+00 4.407147643097521161e+00 1.006408254148685799e+01
2.887726580572436141e+00 4.114467224561390246e+00 8.275183834057258991e+00
2.919459839699605652e+00 3.877535877717856572e+00 6.479788995084632575e+00
2.951193098826775607e+00 3.699760728875973737e+00 4.160611885160994561e+00
2.982926357953945118e+00 3.611256717067552913e+00 2.071100261067194914e+00
3.014659617081114629e+00 3.567210312167673258e+00 1.079561663019847018e+00
3.046392876208284584e+00 3.542164770634282700e+00 -2.623163941612507988e-01
3.078126135335454094e+00 3.583998561393993310e+00 -1.146462700266165369e+00
3.109859394462623605e+00 3.615538383451317284e+00 -1.350251700413876321e+00
3.141592653589793116e+00 3.670414670220481401e+00 -1.714883961536378676e+00
