0.000000000000000000e+00 7.510359930139708240e+02 8.896463962457517027e+01
4.000000000000000083e-02 7.474774074289878172e+02 1.779292792491489195e+02
8.000000000000000167e-02 7.368016506740389104e+02 3.558585584982949968e+02
1.199999999999999956e-01 7.190087227491242174e+02 5.337878377474396530e+02
1.600000000000000033e-01 6.940986236542437382e+02 6.227524773720133453e+02
2.000000000000000111e-01 6.691885245593631453e+02 6.227524773720148232e+02
2.399999999999999911e-01 6.442784254644825523e+02 6.227524773720148232e+02
2.800000000000000266e-01 6.193683263696019594e+02 6.227524773720148232e+02
3.200000000000000067e-01 5.944582272747213665e+02 6.227524773720133453e+02
3.599999999999999867e-01 5.695481281798408872e+02 6.227524773720148232e+02
4.000000000000000222e-01 5.446380290849601806e+02 6.227524773720148232e+02
4.400000000000000022e-01 5.197279299900797014e+02 6.227524773720133453e+02
4.799999999999999822e-01 4.948178308951991085e+02 6.227524773720148232e+02
5.200000000000000178e-01 4.699077318003185155e+02 6.227524773720148232e+02
5.600000000000000533e-01 4.449976327054379226e+02 6.227524773720148232e+02
5.999999999999999778e-01 4.200875336105573297e+02 6.227524773720148232e+02
6.400000000000000133e-01 3.951774345156767367e+02 6.227524773720148232e+02
6.800000000000000488e-01 3.702673354207961438e+02 6.227524773720133453e+02
7.199999999999999734e-01 3.453572363259156646e+02 6.227524773720133453e+02
7.600000000000000089e-01 3.204471372310350716e+02 6.227524773720148232e+02
8.000000000000000444e-01 2.955370381361544787e+02 6.227524773720148232e+02
8.399999999999999689e-01 2.706269390412738858e+02 6.227524773720141411e+02
8.800000000000000044e-01 2.457168399463933497e+02 6.227524773720141411e+02
9.200000000000000400e-01 2.208067408515127568e+02 6.227524773720141411e+02
9.599999999999999645e-01 1.958966417566322207e+02 6.227524773720141411e+02
1.000000000000000000e+00 1.709865426617516277e+02 6.227524773720141411e+02
1.040000000000000036e+00 1.460764435668710917e+02 6.227524773720139137e+02
1.080000000000000071e+00 1.211663444719905129e+02 6.227524773720144822e+02
1.120000000000000107e+00 9.625624537710993422e+01 6.227524773720144822e+02
1.159999999999999920e+00 7.134614628222935551e+01 4.971797036976226991e+02
1.199999999999999956e+00 5.648186908130011830e+01 3.192504244484756555e+02
1.239999999999999991e+00 4.580611232635130392e+01 2.787986853125641460e+02
1.280000000000000027e+00 3.417797425629498775e+01 2.935751604858364772e+02
1.320000000000000062e+00 2.232009948748438433e+01 2.481351480767693261e+02
1.360000000000000098e+00 1.432716241015343961e+01 1.533749721521492688e+02
1.400000000000000133e+00 1.005010171531244367e+01 7.334728359737616188e+01
1.439999999999999947e+00 8.459379722363346232e+00 1.213173995457990486e+02
1.479999999999999982e+00 3.447097516485202462e-01 1.543000863421116549e+02
1.520000000000000018e+00 -3.884627185005586014e+00 -2.609151735900397995e+01
1.560000000000000053e+00 2.432031140368838606e+00 -2.712098382873023752e+02
1.600000000000000089e+00 1.781215987797860834e+01 -4.466131687152625318e+02
1.640000000000000124e+00 3.816108463758983760e+01 -5.726963356276698960e+02
1.679999999999999938e+00 6.362786672819220257e+01 -7.135119899099242957e+02
1.719999999999999973e+00 9.524204383038377841e+01 -8.567526750209832471e+02
1.760000000000000009e+00 1.321680807298708658e+02 -9.326494254051763164e+02
1.800000000000000044e+00 1.698539978627978826e+02 -9.326494254051763164e+02
1.840000000000000080e+00 2.067800347622849699e+02 -9.231509224871774677e+02
1.880000000000000115e+00 2.437060716617720857e+02 -9.231509224871771266e+02
1.919999999999999929e+00 2.806321085612591446e+02 -9.231509224871767856e+02
1.959999999999999964e+00 3.175581454607462319e+02 -9.231509224871771266e+02
2.000000000000000000e+00 3.544841823602333193e+02 -9.231509224871764445e+02
2.040000000000000036e+00 3.914102192597203498e+02 -9.231509224871771266e+02
2.080000000000000071e+00 4.283362561592074940e+02 -9.231509224871779224e+02
2.120000000000000107e+00 4.652622930586945813e+02 -9.231509224871779224e+02
2.160000000000000142e+00 5.021883299581817255e+02 -9.231509224871786046e+02
2.200000000000000178e+00 5.391143668576688697e+02 -9.231509224871771266e+02
2.240000000000000213e+00 5.760404037571559002e+02 -9.231509224871757624e+02
2.280000000000000249e+00 6.129664406566429307e+02 -9.231509224871757624e+02
2.319999999999999840e+00 6.498924775561299612e+02 -9.231509224871771266e+02
2.359999999999999876e+00 6.868185144556171053e+02 -9.231509224871771266e+02
2.399999999999999911e+00 7.237445513551041358e+02 -9.231509224871757624e+02
2.439999999999999947e+00 7.606705882545911663e+02 -9.231509224871757624e+02
2.479999999999999982e+00 7.975966251540781968e+02 -9.231509224871771266e+02
2.520000000000000018e+00 8.345226620535653410e+02 -9.231509224871786046e+02
2.560000000000000053e+00 8.714486989530524852e+02 -9.231509224871786046e+02
2.600000000000000089e+00 9.083747358525396294e+02 -9.231509224871771266e+02
2.640000000000000124e+00 9.453007727520266599e+02 -9.231509224871771266e+02
2.680000000000000160e+00 9.822268096515138041e+02 -9.231509224871771266e+02
2.720000000000000195e+00 1.019152846551000835e+03 -9.231509224871757624e+02
2.760000000000000231e+00 1.056078883450487865e+03 -9.231509224871799688e+02
2.800000000000000266e+00 1.093004920349975237e+03 -9.231509224871786046e+02
2.839999999999999858e+00 1.129930957249462153e+03 -9.231509224871729202e+02
2.879999999999999893e+00 1.166856994148949070e+03 -9.231509224871757624e+02
2.919999999999999929e+00 1.203783031048436214e+03 -9.231509224871757624e+02
2.959999999999999964e+00 1.240709067947923131e+03 -9.231509224871757624e+02
3.000000000000000000e+00 1.277635104847410275e+03 -9.231509224871814467e+02
3.040000000000000036e+00 1.314561141746897647e+03 -9.231509224871814467e+02
3.080000000000000071e+00 1.351487178646384791e+03 -9.231509224871757624e+02
3.120000000000000107e+00 1.388413215545871708e+03 -9.231509224871757624e+02
3.160000000000000142e+00 1.425339252445358852e+03 -9.231509224871757624e+02
3.200000000000000178e+00 1.462265289344845769e+03 -9.231509224871757624e+02
3.240000000000000213e+00 1.499191326244332913e+03 -9.231509224871786046e+02
3.280000000000000249e+00 1.536117363143820057e+03 -9.231509224871757624e+02
3.320000000000000284e+00 1.573043400043306974e+03 -9.231509224871757624e+02
3.359999999999999876e+00 1.609969436942794118e+03 -9.231509224871786046e+02
3.399999999999999911e+00 1.646895473842281262e+03 -9.231509224871786046e+02
3.439999999999999947e+00 1.683821510741768407e+03 -9.231509224871786046e+02
3.479999999999999982e+00 1.720747547641255551e+03 -9.231509224871757624e+02
3.520000000000000018e+00 1.757673584540742468e+03 -9.231509224871757624e+02
3.560000000000000053e+00 1.794599621440229612e+03 -9.231509224871786046e+02
3.600000000000000089e+00 1.831525658339716756e+03 -9.231509224871757624e+02
3.640000000000000124e+00 1.868451695239203673e+03 -9.231509224871757624e+02
3.680000000000000160e+00 1.905377732138690817e+03 -9.231509224871757624e+02
3.720000000000000195e+00 1.942303769038177734e+03 -9.231509224871729202e+02
3.760000000000000231e+00 1.979229805937664651e+03 -9.231509224871757624e+02
3.800000000000000266e+00 2.016155842837151795e+03 -9.231509224871814467e+02
3.839999999999999858e+00 2.053081879736639166e+03 -9.231509224871842889e+02
3.879999999999999893e+00 2.090007916636126538e+03 -9.231509224871786046e+02
3.919999999999999929e+00 2.126933953535613455e+03 -9.231509224871786046e+02
3.959999999999999964e+00 2.163859990435100826e+03 -9.231509224871842889e+02
