1.000000000000000021e-03 2.064543002817657111e+02 2.786266916786303227e+01
5.100000000000000366e-02 2.050611668233725595e+02 5.572533833572691719e+01
1.010000000000000064e-01 2.008817664481930194e+02 1.114506766714541186e+02
1.510000000000000231e-01 1.939160991562271477e+02 1.671760150071804674e+02
2.010000000000000120e-01 1.841641649474749727e+02 1.950386841750437839e+02
2.510000000000000009e-01 1.744122307387227693e+02 1.950386841750440681e+02
3.010000000000000453e-01 1.646602965299705659e+02 1.950386841750440681e+02
3.510000000000000342e-01 1.549083623212183625e+02 1.950386841750440681e+02
4.010000000000000231e-01 1.451564281124661591e+02 1.950386841750440681e+02
4.510000000000000120e-01 1.354044939037139557e+02 1.950386841750439260e+02
5.010000000000000009e-01 1.256525596949617665e+02 1.950386841750440681e+02
5.510000000000000453e-01 1.159006254862095489e+02 1.950386841750442102e+02
6.010000000000000897e-01 1.061486912774573454e+02 1.950386841750439260e+02
6.510000000000000231e-01 9.639675706870515626e+01 1.950386841750439260e+02
7.010000000000000675e-01 8.664482285995295285e+01 1.950386841750440681e+02
7.510000000000000009e-01 7.689288865120074945e+01 1.950386841750439260e+02
8.010000000000000453e-01 6.714095444244856026e+01 1.950386841750439260e+02
8.510000000000000897e-01 5.738902023369635685e+01 2.054866181937278782e+02
9.010000000000000231e-01 4.659229262307577102e+01 2.054866181937278782e+02
9.510000000000000675e-01 3.684035841432356762e+01 1.785191637112726539e+02
1.000999999999999890e+00 2.874037625194850420e+01 1.536667020204392884e+02
1.050999999999999934e+00 2.147368821227963664e+01 1.356734218540677830e+02
1.100999999999999979e+00 1.517303406654172626e+01 1.131780984481674750e+02
1.151000000000000023e+00 1.015587836746288808e+01 8.881942704356788454e+01
1.201000000000000068e+00 6.291091362184937807e+00 5.398085587651739559e+01
1.250999999999999890e+00 4.757792779811148343e+00 2.958219866939714393e+01
1.300999999999999934e+00 3.332871495245223414e+00 3.212537209473436661e+01
1.350999999999999979e+00 1.545255570337711326e+00 3.030865554689611940e+01
1.401000000000000023e+00 3.020059405556114740e-01 2.186071108986227074e+01
1.451000000000000068e+00 -6.408155386485159255e-01 1.836393349915286421e+01
1.500999999999999890e+00 -1.534387409359674992e+00 1.569269455770465171e+01
1.550999999999999934e+00 -2.210084994418981097e+00 1.223232710002895551e+01
1.600999999999999979e+00 -2.757620119362570676e+00 8.211668062350105046e+00
1.651000000000000023e+00 -3.031251800653991690e+00 4.195839636184119925e+00
1.701000000000000068e+00 -3.177204082980982669e+00 2.835054283587248314e+00
1.750999999999999890e+00 -3.314757229012716522e+00 1.576234576470851856e+00
1.800999999999999934e+00 -3.334827540628067855e+00 -1.138599935075577108e+00
1.850999999999999979e+00 -3.200897235505158811e+00 -2.916353779967484350e+00
1.901000000000000023e+00 -3.043192162631319420e+00 -3.837986640994235366e+00
1.951000000000000068e+00 -2.817098571405735274e+00 -4.216893577374376534e+00
2.000999999999999890e+00 -2.621502804893881766e+00 -3.112450948544811524e+00
2.051000000000000156e+00 -2.505853476551254122e+00 -3.345842035788564317e+00
2.100999999999999979e+00 -2.286918601315025334e+00 -4.937766747419485291e+00
2.150999999999999801e+00 -2.012076801809305593e+00 -4.221080642640764324e+00
2.201000000000000068e+00 -1.864810537050948902e+00 -2.526325475067998649e+00
2.250999999999999890e+00 -1.759444254302505728e+00 -1.625528022003468465e+00
2.301000000000000156e+00 -1.702257734850602056e+00 -2.667217235155061594e+00
2.350999999999999979e+00 -1.492722530786999569e+00 -4.121114175960203241e+00
2.401000000000000245e+00 -1.290146317254581732e+00 -2.637431019882747751e+00
2.451000000000000068e+00 -1.228979428798724793e+00 -1.381024157790489149e+00
2.500999999999999890e+00 -1.152043901475532817e+00 -3.057420636772579581e+00
2.551000000000000156e+00 -9.232373651214668131e-01 -4.845032656124456771e+00
2.600999999999999979e+00 -6.675406358630870951e-01 -3.630103849886454626e+00
2.651000000000000245e+00 -5.602269801328213505e-01 -9.872380469770103417e-01
2.701000000000000068e+00 -5.688168311653860609e-01 -1.780929919965024588e+00
2.750999999999999890e+00 -3.821339881363188806e-01 -3.711301053673214945e+00
2.801000000000000156e+00 -1.976867257980645942e-01 -2.580151528920929138e+00
2.850999999999999979e+00 -1.241188352442259557e-01 -3.948771601081349503e-01
2.901000000000000245e+00 -1.581990097872510992e-01 6.713111867466897698e-02
2.951000000000000068e+00 -1.308319471116928534e-01 -1.521531906686995450e+00
3.000999999999999890e+00 -6.045819118551527122e-03 -1.414088523862850888e+00
3.051000000000000156e+00 1.057690527459224927e-02 1.106855794091267109e+00
3.100999999999999979e+00 -1.167313985276782484e-01 1.648849807043056837e+00
3.151000000000000245e+00 -1.543080754297134205e-01 3.737148816579136112e-01
3.201000000000000068e+00 -1.541028866934696095e-01 1.894360499161762412e-01
3.250999999999999890e+00 -1.732516804213310446e-01 1.114547559366809715e+00
3.301000000000000156e+00 -2.655576426301505810e-01 1.752366961995744266e+00
3.350999999999999979e+00 -3.484883766209054823e-01 6.681443472603937339e-01
3.401000000000000245e+00 -3.323720773561899544e-01 -5.664578372245798743e-01
3.451000000000000068e+00 -2.918425928984474949e-01 -1.484525936291047898e-01
3.500999999999999890e+00 -3.175268179932794754e-01 1.500732099322515944e-01
3.551000000000000156e+00 -3.068499138916726543e-01 -1.409436222845533715e-01
3.600999999999999979e+00 -3.034324557648241383e-01 -3.770651852210754607e-01
3.651000000000000245e+00 -2.691433953695651082e-01 -6.033831615154785499e-01
3.701000000000000068e+00 -2.430941396132762777e-01 -5.985334778042472603e-02
3.750999999999999890e+00 -2.631580605915226356e-01 3.104892728155475567e-01
3.801000000000000156e+00 -2.741430668948310334e-01 1.248118435856648833e-02
3.850999999999999979e+00 -2.644061790273792845e-01 -4.144567480634520074e-02
3.901000000000000245e+00 -2.699984994141965133e-01 4.466430217346939457e-02
3.951000000000000068e+00 -2.688726092447262239e-01 7.791652308926033665e-02
4.001000000000000334e+00 -2.777901517231225470e-01 -1.538758508105486644e-01
4.051000000000000156e+00 -2.534850241636713575e-01 -5.613957818071981798e-01
4.101000000000000867e+00 -2.216505735424027235e-01 -4.751536787586169153e-01
4.151000000000000689e+00 -2.059696562878096660e-01 -3.965224162405781017e-01
4.201000000000000512e+00 -1.819983319183449133e-01 -3.129431738404545027e-01
4.251000000000000334e+00 -1.746753389037642157e-01 -3.743258251718714624e-01
4.301000000000000156e+00 -1.445657494011577671e-01 -5.595366826627563572e-01
4.351000000000000867e+00 -1.187216706374885772e-01 -3.317650459811216646e-01
4.401000000000000689e+00 -1.113892448030456006e-01 -2.938402097267825419e-01
4.451000000000000512e+00 -8.933764966481032299e-02 -3.313263433299232230e-01
4.501000000000000334e+00 -7.825661047005327831e-02 -2.732008693992450943e-01
4.551000000000000156e+00 -6.201756272488580940e-02 -3.420578576547383953e-01
4.601000000000000867e+00 -4.405082470457943877e-02 -2.341729654299036512e-01
4.651000000000000689e+00 -3.860026618189544428e-02 -2.225596667618724989e-01
4.701000000000000512e+00 -2.179485802839218819e-02 -2.644703998450917970e-01
4.751000000000000334e+00 -1.215322619738626146e-02 -1.233149518087839347e-01
4.801000000000001044e+00 -9.463362847513794723e-03 -1.076879690402187673e-01
4.851000000000000867e+00 -1.384429293364385040e-03 -5.906238529970497114e-02
4.901000000000000689e+00 -3.557124317543297262e-03 -1.986376905873019592e-03
4.951000000000000512e+00 -1.185791602777083080e-03 -4.453409669720964636e-02
5.001000000000000334e+00 8.962853521776675911e-04 -4.164153909909500823e-02
