0.000000000000000000e+00 4.153176191974316680e+02 5.429327296598288655e+01
3.173325912716962877e-02 4.135947166975399796e+02 1.085865459319657731e+02
6.346651825433925753e-02 4.084260091978649143e+02 2.171730918639333368e+02
9.519977738150889324e-02 3.998114966984063585e+02 3.257596377959000051e+02
1.269330365086785151e-01 3.877511791991644827e+02 3.800529107618810940e+02
1.586662956358481369e-01 3.756908616999226638e+02 3.800529107618810940e+02
1.903995547630177865e-01 3.636305442006807880e+02 3.800529107618828561e+02
2.221328138901874083e-01 3.515702267014388553e+02 3.800529107618837656e+02
2.538660730173570301e-01 3.395099092021969227e+02 3.800529107618828561e+02
2.855993321445266520e-01 3.274495917029550469e+02 3.800529107618820035e+02
3.173325912716962738e-01 3.153892742037131711e+02 3.800529107618820035e+02
3.490658503988658956e-01 3.033289567044712953e+02 3.800529107618810940e+02
3.807991095260355729e-01 2.912686392052294764e+02 3.800529107618820035e+02
4.125323686532051948e-01 2.792083217059875437e+02 3.800529107618828561e+02
4.442656277803748166e-01 2.671480042067456679e+02 3.800529107618824014e+02
4.759988869075444384e-01 2.550876867075037637e+02 3.800529107618824014e+02
5.077321460347140603e-01 2.430273692082618879e+02 3.800529107618820035e+02
5.394654051618836821e-01 2.309670517090200121e+02 3.800529107618824014e+02
5.711986642890533039e-01 2.189067342097781079e+02 3.800529107618824014e+02
6.029319234162229257e-01 2.068464167105362321e+02 3.800529107618820035e+02
6.346651825433925476e-01 1.947860992112943563e+02 3.800529107618820035e+02
6.663984416705621694e-01 1.827257817120524805e+02 3.800529107618824014e+02
6.981317007977317912e-01 1.706654642128105763e+02 3.800529107618820035e+02
7.298649599249014130e-01 1.586051467135687290e+02 3.800529107618820035e+02
7.615982190520711459e-01 1.465448292143268247e+02 3.800529107618828561e+02
7.933314781792407677e-01 1.344845117150849205e+02 3.800529107618826288e+02
8.250647373064103896e-01 1.224241942158430305e+02 3.800529107618824014e+02
8.567979964335800114e-01 1.103638767166011405e+02 3.611388012735217785e+02
8.885312555607496332e-01 9.950397189246686480e+01 3.611388012735217785e+02
9.202645146879192550e-01 8.744365439322497480e+01 3.796526996753540288e+02
9.519977738150888769e-01 7.540873689821182779e+01 3.578213765531829154e+02
9.837310329422584987e-01 6.473397746641958861e+01 3.181269531824991645e+02
1.015464292069428121e+00 5.521832681685741306e+01 2.848249022419703920e+02
1.047197551196597853e+00 4.665713260898917980e+01 2.436321099883894590e+02
1.078930810323767364e+00 3.975584506093610315e+01 2.173011182249332762e+02
1.110664069450937097e+00 3.286578722247811868e+01 1.764634249835645221e+02
1.142397328578106608e+00 2.855632587799347988e+01 1.088150094577517564e+02
1.174130587705276341e+00 2.595967743838161823e+01 7.660360544147383166e+01
1.205863846832445851e+00 2.369456175489397864e+01 6.302468001664912123e+01
1.237597105959615584e+00 2.195972043363106607e+01 3.883754377635200683e+01
1.269330365086785095e+00 2.122967807385843386e+01 2.172353499524664855e+01
1.301063624213954828e+00 2.058100330330646699e+01 6.585091107233958851e+00
1.332796883341124339e+00 2.081174526889468268e+01 -2.385047937519533789e+01
1.364530142468294072e+00 2.209471018794704378e+01 -4.668657659268798454e+01
1.396263401595463582e+00 2.377477973444712234e+01 -4.644919200742970844e+01
1.427996660722633315e+00 2.504267868038589029e+01 -4.500682763373281148e+01
1.459729919849802826e+00 2.663120638203332646e+01 -4.187060487614578363e+01
1.491463178976972559e+00 2.770006018907802314e+01 -3.437127046941200348e+01
1.523196438104142292e+00 2.881263124670509512e+01 -3.689128929710021509e+01
1.554929697231311803e+00 3.004142187467854441e+01 -8.633125121830341087e+00
1.586662956358481535e+00 2.936054563984173527e+01 3.300457998719769392e+01
1.618396215485651046e+00 2.794673609644426193e+01 3.702992926533283935e+01
1.650129474612820779e+00 2.701038495816659690e+01 2.448162149912696606e+01
1.681862733739990290e+00 2.639297281867409595e+01 2.394212575755728523e+01
1.713595992867160023e+00 2.549086159672690144e+01 4.113105849292941940e+01
1.745329251994329534e+00 2.378252774401229530e+01 6.458656345424849121e+01
1.777062511121499266e+00 2.139177728827279878e+01 5.666712215232610106e+01
1.808795770248668777e+00 2.018606280151081833e+01 2.809450810214715943e+01
1.840529029375838510e+00 1.960871667696119403e+01 2.133868929805982617e+01
1.872262288503008021e+00 1.883177048765183059e+01 4.533336155537226375e+01
1.903995547630177754e+00 1.673156605827659860e+01 5.562177388661569211e+01
1.935728806757347265e+00 1.530165015993820532e+01 3.663213516075239085e+01
1.967462065884516997e+00 1.440665198340128406e+01 2.627172192495066483e+01
1.999195325011686508e+00 1.363427544081539899e+01 2.559709878744079603e+01
2.030928584138856241e+00 1.278209324595004759e+01 3.539634697246665951e+01
2.062661843266025752e+00 1.138779253955041781e+01 4.144301232372151134e+01
2.094395102393195707e+00 1.015184954779176962e+01 2.474222200344489409e+01
2.126128361520365218e+00 9.817489855115868025e+00 1.456481948652672287e+01
2.157861620647534728e+00 9.227471165978965217e+00 1.190412168944178184e+01
2.189594879774704239e+00 9.061976698611035275e+00 3.529484543296335097e+00
2.221328138901874194e+00 9.003467070783440107e+00 -4.335268245226669981e-01
2.253061398029043705e+00 9.089491136733348853e+00 -5.592857392137517536e+00
2.284794657156213216e+00 9.358426256555452127e+00 -7.397821356625525091e+00
2.316527916283382726e+00 9.559005100905963559e+00 -3.401597909075185999e+00
2.348261175410552681e+00 9.574313832345694664e+00 -6.595490786565208374e+00
2.379994434537722192e+00 9.977597937307830733e+00 -8.333874691862533268e+00
2.411727693664891703e+00 1.010323584260616414e+01 -6.722340863773976771e-01
2.443460952792061214e+00 1.002026229422209092e+01 4.103179911169525518e+00
2.475194211919231169e+00 9.842821299873085295e+00 3.270667812955309728e+00
2.506927471046400679e+00 9.812684395767282908e+00 -9.338502203151018977e-01
2.538660730173570190e+00 9.902089521927532445e+00 -1.687266301198683704e+00
2.570393989300740145e+00 9.919769313272240652e+00 7.541135937684640744e+00
2.602127248427909656e+00 9.423479880280016374e+00 1.691501115157367963e+01
2.633860507555079167e+00 8.846232449248537577e+00 1.296339778337162052e+01
2.665593766682248678e+00 8.600738158223400376e+00 4.579760986316257387e+00
2.697327025809418632e+00 8.555570965009986040e+00 5.097331688045276366e+00
2.729060284936588143e+00 8.277228263595652891e+00 7.846045055857158168e+00
2.760793544063757654e+00 8.057609803248059421e+00 5.958397177232496844e+00
2.792526803190927165e+00 7.899069540380223131e+00 -3.142629383911418994e+00
2.824260062318097120e+00 8.257061548408696439e+00 -1.676331188361992020e+01
2.855993321445266631e+00 8.962978580045168897e+00 -1.850755910098773427e+01
2.887726580572436141e+00 9.431671885934797217e+00 -8.234394323360808343e+00
2.919459839699605652e+00 9.485586917682175212e+00 -1.411659666825883974e+01
2.951193098826775607e+00 1.032760312606999165e+01 -2.457148511786625988e+01
2.982926357953945118e+00 1.104505352645145955e+01 -2.523071158953241522e+01
3.014659617081114629e+00 1.192890854373701970e+01 -3.239827375819904631e+01
3.046392876208284584e+00 1.310125915933527985e+01 -4.200191920540993351e+01
3.078126135335454094e+00 1.459462411570445184e+01 -5.080011955607989904e+01
3.109859394462623605e+00 1.632536587446384146e+01 -5.828236341302468304e+01
3.141592653589793116e+00 1.829360279716321713e+01 -6.202441781387009456e+01
