1.000000000000000021e-03 2.152653700164918575e+02 3.130112009399852013e+01
5.100000000000000366e-02 2.137003140117919315e+02 6.260224018799704027e+01
1.010000000000000064e-01 2.090051459976921535e+02 1.252044803759940805e+02
1.510000000000000231e-01 2.011798659741925235e+02 1.878067205639908366e+02
2.010000000000000120e-01 1.902244739412930699e+02 2.191078406579893567e+02
2.510000000000000009e-01 1.792690819083935878e+02 2.191078406579896409e+02
3.010000000000000453e-01 1.683136898754941058e+02 2.191078406579887883e+02
3.510000000000000342e-01 1.573582978425947090e+02 2.191078406579890725e+02
4.010000000000000231e-01 1.464029058096951985e+02 2.191078406579899251e+02
4.510000000000000120e-01 1.354475137767957165e+02 2.191078406579894988e+02
5.010000000000000009e-01 1.244921217438962486e+02 2.191078406579894988e+02
5.510000000000000453e-01 1.135367297109967666e+02 2.191078406579894988e+02
6.010000000000000897e-01 1.025813376780972987e+02 2.191078406579892146e+02
6.510000000000000231e-01 9.162594564519784512e+01 2.191078406579892146e+02
7.010000000000000675e-01 8.067055361229837729e+01 2.191078406579894988e+02
7.510000000000000009e-01 6.971516157939889524e+01 2.095772801464774773e+02
8.010000000000000453e-01 5.971282559765062814e+01 2.097929778521263700e+02
8.510000000000000897e-01 4.873586379418625825e+01 2.038622421049429079e+02
9.010000000000000231e-01 3.932660138715633735e+01 1.757814385766049270e+02
9.510000000000000675e-01 3.115771993652576555e+01 1.522891559906112491e+02
1.000999999999999890e+00 2.409768578809521244e+01 1.305017230126177310e+02
1.050999999999999934e+00 1.810754763526399103e+01 1.055399849490836317e+02
1.100999999999999979e+00 1.354368729318684927e+01 8.709361523884740564e+01
1.151000000000000023e+00 9.398186111379249752e+00 5.950437500760418885e+01
1.201000000000000068e+00 7.593249792426430389e+00 3.904637045288213670e+01
1.250999999999999890e+00 5.493549066091035549e+00 3.951794008667050662e+01
1.300999999999999934e+00 3.641455783759379727e+00 3.322292964382670988e+01
1.350999999999999979e+00 2.171256101708364472e+00 2.562845066088884849e+01
1.401000000000000023e+00 1.078610717670494656e+00 2.134103973138673638e+01
1.451000000000000068e+00 3.715212856969074551e-02 1.959016757328014080e+01
1.500999999999999890e+00 -8.804060396575194014e-01 1.646714005145190995e+01
1.550999999999999934e+00 -1.609561876575500428e+00 1.138456400695724291e+01
1.600999999999999979e+00 -2.018862440353243581e+00 7.958243309148240741e+00
1.651000000000000023e+00 -2.405386207490324502e+00 6.952021358497679770e+00
1.701000000000000068e+00 -2.714064576203011558e+00 4.855552741281563556e+00
1.750999999999999890e+00 -2.890941481618480857e+00 2.419370953399702096e+00
1.800999999999999934e+00 -2.956001671542981768e+00 1.679288773289844272e-01
1.850999999999999979e+00 -2.907734369351379300e+00 -8.322570608067314524e-01
1.901000000000000023e+00 -2.872775965462308623e+00 -1.004227962551724751e+00
1.951000000000000068e+00 -2.807311573096206825e+00 -1.964730738760906981e+00
2.000999999999999890e+00 -2.676302891586217925e+00 -3.284857338253925896e+00
2.051000000000000156e+00 -2.478825839270814235e+00 -3.985406215711888578e+00
2.100999999999999979e+00 -2.277762270015029067e+00 -3.823269075374322590e+00
2.150999999999999801e+00 -2.096498931733381976e+00 -3.427123704138741456e+00
2.201000000000000068e+00 -1.935049899601154921e+00 -3.712865957980429066e+00
2.250999999999999890e+00 -1.725212335935339070e+00 -4.191615532696062019e+00
2.301000000000000156e+00 -1.515888346331548675e+00 -4.106702258626524049e+00
2.350999999999999979e+00 -1.314542110072686620e+00 -3.296389897124467616e+00
2.401000000000000245e+00 -1.186249356619101913e+00 -3.139955473389017815e+00
2.451000000000000068e+00 -1.000546562733784839e+00 -3.810696228946564901e+00
2.500999999999999890e+00 -8.051797337244454011e-01 -3.643435364669354026e+00
2.551000000000000156e+00 -6.362030262668494363e-01 -3.115996571763938405e+00
2.600999999999999979e+00 -4.935800765480515273e-01 -2.536043559054553587e+00
2.651000000000000245e+00 -3.825986703613940554e-01 -2.416949987567452052e+00
2.701000000000000068e+00 -2.518850777913063110e-01 -2.428971912821865420e+00
2.750999999999999890e+00 -1.397014790792075190e-01 -1.453512441148506751e+00
2.801000000000000156e+00 -1.065338336764556498e-01 -6.984291937464556232e-01
2.850999999999999979e+00 -6.985855970456195108e-02 -9.856332549803500376e-01
2.901000000000000245e+00 -7.970508178420633583e-03 -9.750602131811375584e-01
2.951000000000000068e+00 2.764746161355180823e-02 -3.603509853976578081e-01
3.000999999999999890e+00 2.806459036134514862e-02 2.786338846528565311e-02
3.051000000000000156e+00 2.486112276702324292e-02 6.329321874060631070e-02
3.100999999999999979e+00 2.173526848728451685e-02 2.315785977731282252e-01
3.151000000000000245e+00 1.703262989710418313e-03 5.434705021408555714e-01
3.201000000000000068e+00 -3.261178172680104237e-02 7.916635908622955409e-01
3.250999999999999890e+00 -7.746309609651913508e-02 6.687026676369440814e-01
3.301000000000000156e+00 -9.948204849049545329e-02 5.522586113015023335e-01
3.350999999999999979e+00 -1.326889572266693740e-01 7.318680317737986663e-01
3.401000000000000245e+00 -1.726688516678753227e-01 4.046333927035014599e-01
3.451000000000000068e+00 -1.731522964970195200e-01 -4.287318312256371833e-02
3.500999999999999890e+00 -1.683815333556189509e-01 1.177852572836085576e-01
3.551000000000000156e+00 -1.849308222253803757e-01 3.123520304315757778e-01
3.600999999999999979e+00 -1.996167363987765286e-01 1.537685715554323873e-01
3.651000000000000245e+00 -2.003076793809236145e-01 -1.306054017363977859e-01
3.701000000000000068e+00 -1.865561962251367500e-01 -1.475707185443397851e-01
3.750999999999999890e+00 -1.855506075264896360e-01 5.178415522236329283e-02
3.801000000000000156e+00 -1.917346117473730793e-01 -8.204323673272423401e-02
3.850999999999999979e+00 -1.773462838532172126e-01 -4.193470217961556279e-01
3.901000000000000245e+00 -1.497999095677575165e-01 -3.226123169742106667e-01
3.951000000000000068e+00 -1.450850521557961459e-01 -3.780993031672674753e-02
4.001000000000000334e+00 -1.460189165360848418e-01 -1.058065765190022156e-01
4.051000000000000156e+00 -1.345043945038959243e-01 -2.244304135420006896e-01
4.101000000000000867e+00 -1.235758751818847728e-01 1.875203958818238981e-03
4.151000000000000689e+00 -1.346919148997777482e-01 2.066364494504464855e-01
4.201000000000000512e+00 -1.442395201269294214e-01 7.701463785263901185e-02
4.251000000000000334e+00 -1.423933786850416494e-01 -1.674609326172268875e-01
4.301000000000000156e+00 -1.274934268652067326e-01 -2.395044079936564652e-01
4.351000000000000867e+00 -1.184429378856760029e-01 -1.548039333542272633e-01
4.401000000000000689e+00 -1.120130335297840063e-01 -1.881819877168594557e-01
4.451000000000000512e+00 -9.962473911399005733e-02 -3.512677479543185877e-01
4.501000000000000334e+00 -7.688625873435214753e-02 -3.489049905616538050e-01
4.551000000000000156e+00 -6.473424005782467405e-02 -1.951202984011726760e-01
4.601000000000000867e+00 -5.737422889423487993e-02 -1.087493849897773479e-01
4.651000000000000689e+00 -5.385930155884693926e-02 -1.664414690429341648e-01
4.701000000000000512e+00 -4.073008198994146345e-02 -2.234427773936120687e-01
4.751000000000000334e+00 -3.151502381948573239e-02 -1.319930385785008098e-01
4.801000000000001044e+00 -2.753077813209138178e-02 -8.861110711522467154e-02
4.851000000000000867e+00 -2.265391310796326454e-02 -1.367710550527117819e-01
4.901000000000000689e+00 -1.385367262682020255e-02 -1.585286356249434037e-01
4.951000000000000512e+00 -6.801049545468922618e-03 -1.385785939668707223e-01
5.001000000000000334e+00 4.186769866869212550e-06 -1.361047263067158286e-01
