1.000000000000000021e-03 1.114998334906765649e+02 1.452749349516693655e+01
5.100000000000000366e-02 1.107734588159182181e+02 2.905498699033387311e+01
1.010000000000000064e-01 1.085943347916431776e+02 5.810997398066803044e+01
1.510000000000000231e-01 1.049624614178514150e+02 8.716496097100218776e+01
2.010000000000000120e-01 9.987783869454295882e+01 1.016924544661691243e+02
2.510000000000000009e-01 9.479321597123450260e+01 1.016924544661691243e+02
3.010000000000000453e-01 8.970859324792604639e+01 1.016924544661691243e+02
3.510000000000000342e-01 8.462397052461759017e+01 1.016924544661691243e+02
4.010000000000000231e-01 7.953934780130913396e+01 1.016924544661691243e+02
4.510000000000000120e-01 7.445472507800067774e+01 1.016924544661691243e+02
5.010000000000000009e-01 6.937010235469222152e+01 1.016924544661691243e+02
5.510000000000000453e-01 6.428547963138376531e+01 1.016924544661691243e+02
6.010000000000000897e-01 5.920085690807530909e+01 1.016924544661691243e+02
6.510000000000000231e-01 5.411623418476685288e+01 1.016924544661691243e+02
7.010000000000000675e-01 4.903161146145839666e+01 1.016924544661691243e+02
7.510000000000000009e-01 4.394698873814994045e+01 8.057937375133242597e+01
8.010000000000000453e-01 4.097367408632515406e+01 8.057937375133242597e+01
8.510000000000000897e-01 3.588905136301669785e+01 1.029697702420198908e+02
9.010000000000000231e-01 3.067669706212316427e+01 9.732556996196223054e+01
9.510000000000000675e-01 2.615649436682047480e+01 8.704608925867442792e+01
1.000999999999999890e+00 2.197208813625572077e+01 8.032027116906242270e+01
1.050999999999999934e+00 1.812446724991423253e+01 7.292690306153043878e+01
1.100999999999999979e+00 1.467939783010267618e+01 8.424812456315972042e+01
1.151000000000000023e+00 9.699654793598259772e+00 7.218729623355041269e+01
1.201000000000000068e+00 7.460668206747634201e+00 3.917631376034199064e+01
1.250999999999999890e+00 5.782023417564060352e+00 3.504316060316590153e+01
1.300999999999999934e+00 3.956352146431043604e+00 3.251261732505719237e+01
1.350999999999999979e+00 2.530761685058340760e+00 2.624098791345985049e+01
1.401000000000000023e+00 1.332253355085058599e+00 2.184838239241865310e+01
1.451000000000000068e+00 3.459234458164751613e-01 1.893434265269706884e+01
1.500999999999999890e+00 -5.611809101846486625e-01 1.746294663525461743e+01
1.550999999999999934e+00 -1.400371217708986649e+00 1.404762834682775541e+01
1.600999999999999979e+00 -1.965943744867424181e+00 9.878358988613230807e+00
1.651000000000000023e+00 -2.388207116570309818e+00 8.747485409813331003e+00
1.701000000000000068e+00 -2.840692285848757326e+00 7.011362266134049115e+00
1.750999999999999890e+00 -3.089343343183714730e+00 3.707546456115675682e+00
1.800999999999999934e+00 -3.211446931460324894e+00 1.542926290288697544e+00
1.850999999999999979e+00 -3.243635972212584484e+00 1.263731653397792698e-01
1.901000000000000023e+00 -3.224084247994302821e+00 -7.854769128223226815e-01
1.951000000000000068e+00 -3.165088280930352216e+00 -2.012636531147107277e+00
2.000999999999999890e+00 -3.022820594879592093e+00 -3.576687527138662226e+00
2.051000000000000156e+00 -2.807419528216485993e+00 -4.189325081931123407e+00
2.100999999999999979e+00 -2.603888086686479753e+00 -4.110759054177473004e+00
2.150999999999999801e+00 -2.396343622798738693e+00 -4.710966872294233276e+00
2.201000000000000068e+00 -2.132791399457056425e+00 -4.839253162526193641e+00
2.250999999999999890e+00 -1.912418306546119329e+00 -4.717081626619412660e+00
2.301000000000000156e+00 -1.661083236795115159e+00 -4.762327604042495111e+00
2.350999999999999979e+00 -1.436185546141869773e+00 -4.347586968155661147e+00
2.401000000000000245e+00 -1.226324539979549044e+00 -3.860933384549711800e+00
2.451000000000000068e+00 -1.050092207686898593e+00 -3.734848447590788378e+00
2.500999999999999890e+00 -8.528396952204702064e-01 -3.345849876388888866e+00
2.551000000000000156e+00 -7.155072200480097067e-01 -3.172752627574853879e+00
2.600999999999999979e+00 -5.355644324629847963e-01 -3.063372473232475190e+00
2.651000000000000245e+00 -4.091699727247621876e-01 -2.720643396444328843e+00
2.701000000000000068e+00 -2.635000928185519120e-01 -2.381046952906087366e+00
2.750999999999999890e+00 -1.710652774341534232e-01 -2.102512863335622484e+00
2.801000000000000156e+00 -5.324880648498965530e-02 -1.806671121299138205e+00
2.850999999999999979e+00 9.601834695760407684e-03 -1.248816606383729155e+00
2.901000000000000245e+00 7.163285415338327411e-02 -9.247071205405512639e-01
2.951000000000000068e+00 1.020725467498155431e-01 -4.726018490087038892e-01
3.000999999999999890e+00 1.188930390542536630e-01 -6.344041414896292586e-02
3.051000000000000156e+00 1.084165881647118357e-01 1.095218258969624103e-01
3.100999999999999979e+00 1.079408564645574220e-01 4.397017837746795554e-01
3.151000000000000245e+00 6.444640978724387737e-02 5.290778131568777409e-01
3.201000000000000068e+00 5.503307514886963958e-02 4.847570502708476448e-01
3.250999999999999890e+00 1.597070476015911150e-02 6.554056741801537189e-01
3.301000000000000156e+00 -1.050749226914574584e-02 4.244630613696119825e-01
3.350999999999999979e+00 -2.647560137680209091e-02 4.631241323247456965e-01
3.401000000000000245e+00 -5.681990550162031861e-02 4.399276352398630019e-01
3.451000000000000068e+00 -7.046836490078839388e-02 7.246377686171465160e-02
3.500999999999999890e+00 -6.406628318779178377e-02 -2.605774010698808096e-02
3.551000000000000156e+00 -6.786259089008958578e-02 1.929349647169106841e-02
3.600999999999999979e+00 -6.599563283496089061e-02 7.117512462874522883e-02
3.651000000000000245e+00 -7.498010335296410867e-02 3.862528257399786003e-02
3.701000000000000068e+00 -6.985816109236067661e-02 -8.064507792486894089e-02
3.750999999999999890e+00 -6.691559556047721458e-02 2.008920837600181031e-02
3.801000000000000156e+00 -7.186708192996085764e-02 2.028543994531306627e-01
3.850999999999999979e+00 -8.720103550579028084e-02 4.231856864820579545e-01
3.901000000000000245e+00 -1.141856505781666531e-01 3.284308409516675797e-01
3.951000000000000068e+00 -1.200441196009570388e-01 5.029640970390436561e-02
4.001000000000000334e+00 -1.192152915485570897e-01 4.622039711941958173e-02
4.051000000000000156e+00 -1.246661593128989970e-01 3.289891320361809646e-02
4.101000000000000867e+00 -1.225051828689188993e-01 5.011084722602934804e-02
4.151000000000000689e+00 -1.296772440355019318e-01 -3.270935455815568438e-02
4.201000000000000512e+00 -1.192342474131033309e-01 -2.101507689872962603e-01
4.251000000000000334e+00 -1.086621671367723058e-01 -1.370218566017916695e-01
4.301000000000000156e+00 -1.055320617529241639e-01 -1.286741153095587176e-01
4.351000000000000867e+00 -9.579475560581643401e-02 -2.189005997792342617e-01
4.401000000000000689e+00 -8.364200177500073774e-02 -1.876453816873061009e-01
4.451000000000000512e+00 -7.703021743708582392e-02 -2.218955684358649150e-01
4.501000000000000334e+00 -6.145244493141424624e-02 -2.456301982177275800e-01
4.551000000000000156e+00 -5.246719761531306453e-02 -2.295531835348033622e-01
4.601000000000000867e+00 -3.849712657793390863e-02 -2.318038806142525554e-01
4.651000000000000689e+00 -2.928680955388780760e-02 -1.606777966836656912e-01
4.701000000000000512e+00 -2.242934690956733743e-02 -9.539912364279229395e-02
4.751000000000000334e+00 -1.974689718960857820e-02 -8.950567400284108188e-02
4.801000000000001044e+00 -1.347877950928322820e-02 -9.956483267332280618e-02
4.851000000000000867e+00 -9.790413922276296546e-03 -8.496426034635150282e-02
4.901000000000000689e+00 -4.982353474648077048e-03 -7.326705963638505126e-02
4.951000000000000512e+00 -2.463707958637791854e-03 -5.761405740739786868e-02
5.001000000000000334e+00 7.790522660917098855e-04 -6.485520449459003522e-02
