1.000000000000000021e-03 1.253272905122690446e+02 2.147197716023441671e+01
5.100000000000000366e-02 1.242536916542573238e+02 3.864955888842160903e+01
1.010000000000000064e-01 1.214623346234268837e+02 6.871032691274962190e+01
1.510000000000000231e-01 1.173826589629823616e+02 9.018230407298418072e+01
2.010000000000000120e-01 1.124441042161284656e+02 1.030654903691247171e+02
2.510000000000000009e-01 1.070761099260698899e+02 1.073598858011713730e+02
3.010000000000000453e-01 1.017081156360113283e+02 1.073598858011712309e+02
3.510000000000000342e-01 9.634012134595276677e+01 1.073598858011713730e+02
4.010000000000000231e-01 9.097212705589419102e+01 1.073598858011715151e+02
4.510000000000000120e-01 8.560413276583561526e+01 1.073598858011715151e+02
5.010000000000000009e-01 8.023613847577703950e+01 1.073598858011715151e+02
5.510000000000000453e-01 7.486814418571846375e+01 1.073598858011715151e+02
6.010000000000000897e-01 6.950014989565988799e+01 1.073598858011715151e+02
6.510000000000000231e-01 6.413215560560131223e+01 1.073598858011715151e+02
7.010000000000000675e-01 5.876416131554273647e+01 1.073598858011714441e+02
7.510000000000000009e-01 5.339616702548416782e+01 1.073598858011714441e+02
8.010000000000000453e-01 4.802817273542559207e+01 1.074959648144533020e+02
8.510000000000000897e-01 4.264657054403883762e+01 1.076320438277350888e+02
9.010000000000000231e-01 3.726496835265208318e+01 1.068321417203152635e+02
9.510000000000000675e-01 3.196335637200731128e+01 1.041982062524020876e+02
1.000999999999999890e+00 2.684514772741187372e+01 9.907747798894639857e+01
1.050999999999999934e+00 2.205560857311267142e+01 9.094828945017592048e+01
1.100999999999999979e+00 1.775031878239428096e+01 8.003284024480909409e+01
1.151000000000000023e+00 1.405232454863176095e+01 6.811184469189043966e+01
1.201000000000000068e+00 1.093913431320523699e+01 5.679522491184279431e+01
1.250999999999999890e+00 8.372802057447481516e+00 4.705940743009837490e+01
1.300999999999999934e+00 6.233193570195399325e+00 3.929877083398648807e+01
1.350999999999999979e+00 4.442924974048832354e+00 3.318264553363921010e+01
1.401000000000000023e+00 2.914929016831478314e+00 2.790711428197013788e+01
1.451000000000000068e+00 1.652213545851818788e+00 2.304390333056293727e+01
1.500999999999999890e+00 6.105386837751844986e-01 1.852838428443999419e+01
1.550999999999999934e+00 -2.006248825921808920e-01 1.429301632904722297e+01
1.600999999999999979e+00 -8.187629491295378426e-01 1.064880198837282776e+01
1.651000000000000023e+00 -1.265505081429463718e+00 7.607902574393925477e+00
1.701000000000000068e+00 -1.579553206568930390e+00 4.936258282822573840e+00
1.750999999999999890e+00 -1.759130909711721147e+00 2.530080923088569023e+00
1.800999999999999934e+00 -1.832561298877787292e+00 6.287446710530031346e-01
1.850999999999999979e+00 -1.822005376817021460e+00 -7.413604870151524473e-01
1.901000000000000023e+00 -1.758425250176272048e+00 -1.567650637240203260e+00
1.951000000000000068e+00 -1.665240313093001134e+00 -1.918210981575332319e+00
2.000999999999999890e+00 -1.566604152018738816e+00 -2.043267494725902189e+00
2.051000000000000156e+00 -1.460913563620410915e+00 -2.017830166431344718e+00
2.100999999999999979e+00 -1.364821135375604344e+00 -1.819753978378499948e+00
2.150999999999999801e+00 -1.278938165782560921e+00 -1.633424954522215700e+00
2.201000000000000068e+00 -1.201478639923382774e+00 -1.575284610340625946e+00
2.250999999999999890e+00 -1.121409704748498326e+00 -1.533642383383453378e+00
2.301000000000000156e+00 -1.048114401585037436e+00 -1.569225441500972096e+00
2.350999999999999979e+00 -9.644871605984011165e-01 -1.789606574905971970e+00
2.401000000000000245e+00 -8.691537440944402393e-01 -2.031239094798713563e+00
2.451000000000000068e+00 -7.613632511185297602e-01 -2.165856164087452740e+00
2.500999999999999890e+00 -6.525681276856949431e-01 -2.231673732830067092e+00
2.551000000000000156e+00 -5.381958778355230288e-01 -2.304031068358567858e+00
2.600999999999999979e+00 -4.221650208498381462e-01 -2.363382425417748678e+00
2.651000000000000245e+00 -3.018576352937481500e-01 -2.383066935755987270e+00
2.701000000000000068e+00 -1.838583272742393970e-01 -2.284412785894001985e+00
2.750999999999999890e+00 -7.341635670434795702e-02 -2.010883512114625127e+00
2.801000000000000156e+00 1.723002393722314340e-02 -1.557436934786536220e+00
2.850999999999999979e+00 8.232733677430567609e-02 -1.001410820372380384e+00
2.901000000000000245e+00 1.173711059744611818e-01 -4.662408168542245268e-01
2.951000000000000068e+00 1.289514184597281288e-01 -4.985496704430006365e-02
3.000999999999999890e+00 1.223566026788911881e-01 2.243522305174337761e-01
3.051000000000000156e+00 1.065161954079847512e-01 4.089249786724328817e-01
3.100999999999999979e+00 8.146410481164789719e-02 5.530444328574690704e-01
3.151000000000000245e+00 5.121175212223784412e-02 6.529836354923181929e-01
3.201000000000000068e+00 1.616574126241607928e-02 7.252840450440733999e-01
3.250999999999999890e+00 -2.131665238216950281e-02 7.661642540114865785e-01
3.301000000000000156e+00 -6.045068413873258550e-02 7.502112762996773210e-01
3.350999999999999979e+00 -9.633778001213724740e-02 6.609798360008750651e-01
3.401000000000000245e+00 -1.265486677388200920e-01 5.548985375283251864e-01
3.451000000000000068e+00 -1.518276337649697716e-01 4.232567870645470576e-01
3.500999999999999890e+00 -1.688743464452747978e-01 2.484652262860323479e-01
3.551000000000000156e+00 -1.766741563935730064e-01 3.810784145076351326e-02
3.600999999999999979e+00 -1.726851305903511491e-01 -1.494457418729627785e-01
3.651000000000000245e+00 -1.617295822062767285e-01 -2.692926095272415998e-01
3.701000000000000068e+00 -1.457558696376269891e-01 -3.066520988311324802e-01
3.750999999999999890e+00 -1.310643723231634805e-01 -2.787420298070998337e-01
3.801000000000000156e+00 -1.178816666569170030e-01 -2.097155437358536045e-01
3.850999999999999979e+00 -1.100928179495781201e-01 -1.145986278317416562e-01
3.901000000000000245e+00 -1.064218038737428373e-01 -2.830017416925109663e-02
3.951000000000000068e+00 -1.072628005326530104e-01 4.538565490251916801e-02
4.001000000000000334e+00 -1.109603693639947541e-01 1.147451832679802219e-01
4.051000000000000156e+00 -1.187373188594510326e-01 1.775695549358030645e-01
4.101000000000000867e+00 -1.287173248575750606e-01 1.939318270782110221e-01
4.151000000000000689e+00 -1.381305015672721348e-01 1.494820603726104702e-01
4.201000000000000512e+00 -1.436655308948361076e-01 6.071708042807877348e-02
4.251000000000000334e+00 -1.442022096100800121e-01 -4.863504575417426645e-02
4.301000000000000156e+00 -1.388020263194186810e-01 -1.556207079280949590e-01
4.351000000000000867e+00 -1.286401388172705162e-01 -2.406085942196452276e-01
4.401000000000000689e+00 -1.147411668974541582e-01 -3.011850510971056383e-01
4.451000000000000512e+00 -9.852163370755995242e-02 -3.390847538082948365e-01
4.501000000000000334e+00 -8.083269151662467178e-02 -3.500944879320828651e-01
4.551000000000000156e+00 -6.351218491435166313e-02 -3.358358949945143834e-01
4.601000000000000867e+00 -4.724910201717322927e-02 -3.016076790164572419e-01
4.651000000000000689e+00 -3.335141701270593478e-02 -2.485033259491805091e-01
4.701000000000000512e+00 -2.239876942225517767e-02 -1.933785990438905700e-01
4.751000000000000334e+00 -1.401355710831687570e-02 -1.454115364351272754e-01
4.801000000000001044e+00 -7.857615778742449084e-03 -1.016623652620500806e-01
4.851000000000000867e+00 -3.847320582111866515e-03 -6.548258635049079845e-02
4.901000000000000689e+00 -1.309357143693369412e-03 -4.241088717145800185e-02
4.951000000000000512e+00 3.937681350339344074e-04 -2.319123807080434793e-02
5.001000000000000334e+00 1.009766663387065382e-03 -1.231997056706261862e-02
