0.000000000000000000e+00 2.583894001543627041e+02 2.733192260176338095e+01
4.000000000000000083e-02 2.572961232502921689e+02 5.466384520352676191e+01
8.000000000000000167e-02 2.540162925380805632e+02 1.093276904070535238e+02
1.199999999999999956e-01 2.485499080177278870e+02 1.639915356105806268e+02
1.600000000000000033e-01 2.408969696892341119e+02 1.913234582123443772e+02
2.000000000000000111e-01 2.332440313607403368e+02 1.913234582123443772e+02
2.399999999999999911e-01 2.255910930322465617e+02 1.913234582123443772e+02
2.800000000000000266e-01 2.179381547037527866e+02 1.913234582123440077e+02
3.200000000000000067e-01 2.102852163752590400e+02 1.913234582123440077e+02
3.599999999999999867e-01 2.026322780467652649e+02 1.913234582123440077e+02
4.000000000000000222e-01 1.949793397182715182e+02 1.913234582123436667e+02
4.400000000000000022e-01 1.873264013897777716e+02 1.913234582123436667e+02
4.799999999999999822e-01 1.796734630612840249e+02 1.913234582123436667e+02
5.200000000000000178e-01 1.720205247327902782e+02 1.913234582123436667e+02
5.600000000000000533e-01 1.643675864042965316e+02 1.913234582123440077e+02
5.999999999999999778e-01 1.567146480758027565e+02 1.913234582123440077e+02
6.400000000000000133e-01 1.490617097473090098e+02 1.913234582123436667e+02
6.800000000000000488e-01 1.414087714188152631e+02 1.913234582123436667e+02
7.199999999999999734e-01 1.337558330903215165e+02 1.913234582123438372e+02
7.600000000000000089e-01 1.261028947618277556e+02 1.913234582123438372e+02
8.000000000000000444e-01 1.184499564333340089e+02 1.913234582123436667e+02
8.399999999999999689e-01 1.107970181048402623e+02 1.913234582123438372e+02
8.800000000000000044e-01 1.031440797763465014e+02 1.913234582123438372e+02
9.200000000000000400e-01 9.549114144785275471e+01 1.913234582123438372e+02
9.599999999999999645e-01 8.783820311935899383e+01 1.913234582123442067e+02
1.000000000000000000e+00 8.018526479086521874e+01 1.913234582123440077e+02
1.040000000000000036e+00 7.253232646237147208e+01 3.992331578488634847e+01
1.080000000000000071e+00 7.699139952807431087e+01 -1.474052941864041344e+01
1.120000000000000107e+00 7.371156881586270515e+01 1.529708083834806871e+02
1.159999999999999920e+00 6.475373485739585533e+01 2.588087139491756830e+02
1.199999999999999956e+00 5.300687169992865222e+01 2.808262133532590497e+02
1.239999999999999991e+00 4.228763778913513249e+01 2.449326416003740974e+02
1.280000000000000027e+00 3.341226037189872500e+01 2.180602391267924247e+02
1.320000000000000062e+00 2.484281865899173880e+01 3.607864375547598570e+02
1.360000000000000098e+00 4.549345367517934946e+00 3.826460103268108242e+02
1.400000000000000133e+00 -5.768862167153128162e+00 1.633612631301101885e+02
1.439999999999999947e+00 -8.519555682890880277e+00 3.499640815788668391e+01
1.479999999999999982e+00 -8.568574819784062768e+00 2.165640625587550439e+00
1.520000000000000018e+00 -8.692806932937884312e+00 -2.235680419837581212e+01
1.560000000000000053e+00 -6.780030483913997763e+00 -1.225418066455317359e+02
1.600000000000000089e+00 1.110537598704654627e+00 -3.211576099494865275e+02
1.640000000000000124e+00 1.891257831204492490e+01 -5.207413667491251772e+02
1.679999999999999938e+00 4.276984693863467157e+01 -6.764577046579901207e+02
1.719999999999999973e+00 7.302919468468414266e+01 -8.612205025549064885e+02
1.760000000000000009e+00 1.116674871430271878e+02 -1.057696981730134894e+03
1.800000000000000044e+00 1.576449532230949444e+02 -1.204570712456731144e+03
1.840000000000000080e+00 2.080331441395656782e+02 -1.284803054839437664e+03
1.880000000000000115e+00 2.604291976102499575e+02 -1.284803054839437891e+03
1.919999999999999929e+00 3.108173885267207197e+02 -1.259704772911768259e+03
1.959999999999999964e+00 3.612055794431914251e+02 -1.259704772911767577e+03
2.000000000000000000e+00 4.115937703596621304e+02 -1.259704772911768259e+03
2.040000000000000036e+00 4.619819612761328926e+02 -1.259704772911767577e+03
2.080000000000000071e+00 5.123701521926035412e+02 -1.259704772911770533e+03
2.120000000000000107e+00 5.627583431090745307e+02 -1.259704772911770533e+03
2.160000000000000142e+00 6.131465340255451792e+02 -1.259704772911766213e+03
2.200000000000000178e+00 6.635347249420158278e+02 -1.259704772911766213e+03
2.240000000000000213e+00 7.139229158584864763e+02 -1.259704772911768941e+03
2.280000000000000249e+00 7.643111067749573522e+02 -1.259704772911767577e+03
2.319999999999999840e+00 8.146992976914278870e+02 -1.259704772911766213e+03
2.359999999999999876e+00 8.650874886078986492e+02 -1.259704772911766213e+03
2.399999999999999911e+00 9.154756795243691840e+02 -1.259704772911766213e+03
2.439999999999999947e+00 9.658638704408399462e+02 -1.259704772911767577e+03
2.479999999999999982e+00 1.016252061357310595e+03 -1.259704772911768941e+03
2.520000000000000018e+00 1.066640252273781471e+03 -1.259704772911768941e+03
2.560000000000000053e+00 1.117028443190252119e+03 -1.259704772911768941e+03
2.600000000000000089e+00 1.167416634106722995e+03 -1.259704772911771897e+03
2.640000000000000124e+00 1.217804825023193871e+03 -1.259704772911768941e+03
2.680000000000000160e+00 1.268193015939664519e+03 -1.259704772911768941e+03
2.720000000000000195e+00 1.318581206856135395e+03 -1.259704772911768941e+03
2.760000000000000231e+00 1.368969397772606044e+03 -1.259704772911763257e+03
2.800000000000000266e+00 1.419357588689076465e+03 -1.259704772911763257e+03
2.839999999999999858e+00 1.469745779605547114e+03 -1.259704772911766213e+03
2.879999999999999893e+00 1.520133970522017762e+03 -1.259704772911768941e+03
2.919999999999999929e+00 1.570522161438488638e+03 -1.259704772911768941e+03
2.959999999999999964e+00 1.620910352354959286e+03 -1.259704772911766213e+03
3.000000000000000000e+00 1.671298543271429935e+03 -1.259704772911766213e+03
3.040000000000000036e+00 1.721686734187900583e+03 -1.259704772911771897e+03
3.080000000000000071e+00 1.772074925104371687e+03 -1.259704772911771897e+03
3.120000000000000107e+00 1.822463116020842335e+03 -1.259704772911768941e+03
3.160000000000000142e+00 1.872851306937313211e+03 -1.259704772911771897e+03
3.200000000000000178e+00 1.923239497853784087e+03 -1.259704772911768941e+03
3.240000000000000213e+00 1.973627688770254736e+03 -1.259704772911766213e+03
3.280000000000000249e+00 2.024015879686725384e+03 -1.259704772911766213e+03
3.320000000000000284e+00 2.074404070603196033e+03 -1.259704772911771897e+03
3.359999999999999876e+00 2.124792261519667136e+03 -1.259704772911771897e+03
3.399999999999999911e+00 2.175180452436137784e+03 -1.259704772911766213e+03
3.439999999999999947e+00 2.225568643352608433e+03 -1.259704772911766213e+03
3.479999999999999982e+00 2.275956834269079081e+03 -1.259704772911766213e+03
3.520000000000000018e+00 2.326345025185549730e+03 -1.259704772911771897e+03
3.560000000000000053e+00 2.376733216102020833e+03 -1.259704772911771897e+03
3.600000000000000089e+00 2.427121407018491482e+03 -1.259704772911760529e+03
3.640000000000000124e+00 2.477509597934961675e+03 -1.259704772911760529e+03
3.680000000000000160e+00 2.527897788851432324e+03 -1.259704772911771897e+03
3.720000000000000195e+00 2.578285979767903427e+03 -1.259704772911771897e+03
3.760000000000000231e+00 2.628674170684374076e+03 -1.259704772911766213e+03
3.800000000000000266e+00 2.679062361600844724e+03 -1.259704772911766213e+03
3.839999999999999858e+00 2.729450552517315373e+03 -1.259704772911771897e+03
3.879999999999999893e+00 2.779838743433786476e+03 -1.259704772911766213e+03
3.919999999999999929e+00 2.830226934350256670e+03 -1.259704772911760529e+03
3.959999999999999964e+00 2.880615125266727318e+03 -1.259704772911766213e+03
