1.000000000000000021e-03 1.289559862547079092e+02 1.728040937579521596e+01
5.100000000000000366e-02 1.280919657859181484e+02 3.365132352128540560e+01
1.010000000000000064e-01 1.255908539025793687e+02 6.366466612135099012e+01
1.510000000000000231e-01 1.217254991737830494e+02 8.640204687897636404e+01
2.010000000000000120e-01 1.169506492146817322e+02 1.009539705638566431e+02
2.510000000000000009e-01 1.116301021173973851e+02 1.091394276366020222e+02
3.010000000000000453e-01 1.060367064510215300e+02 1.127774085578219854e+02
3.510000000000000342e-01 1.003523612616151865e+02 1.136869037881270117e+02
4.010000000000000231e-01 9.466801607220882886e+01 1.136869037881270117e+02
4.510000000000000120e-01 8.898367088280248538e+01 1.136869037881270117e+02
5.010000000000000009e-01 8.329932569339612769e+01 1.136869037881270117e+02
5.510000000000000453e-01 7.761498050398978421e+01 1.136869037881268696e+02
6.010000000000000897e-01 7.193063531458344073e+01 1.136869037881268696e+02
6.510000000000000231e-01 6.624629012517709725e+01 1.136992472412185862e+02
7.010000000000000675e-01 6.056071059046158211e+01 1.137239341474020193e+02
7.510000000000000009e-01 5.487389671043689532e+01 1.142413679593292386e+02
8.010000000000000453e-01 4.913657379452865825e+01 1.152677751361617453e+02
8.510000000000000897e-01 4.334711919682072079e+01 1.157264336063512644e+02
9.010000000000000231e-01 3.756393043389353181e+01 1.144376683076891510e+02
9.510000000000000675e-01 3.190335236605180569e+01 1.108424471027696541e+02
1.000999999999999890e+00 2.647968572361656570e+01 1.039648105648933836e+02
1.050999999999999934e+00 2.150687130956246662e+01 9.364458584195922697e+01
1.100999999999999979e+00 1.711522713942064300e+01 8.135905380111310592e+01
1.151000000000000023e+00 1.337096592945115603e+01 6.878936801172616811e+01
1.201000000000000068e+00 1.023629033824802548e+01 5.684018745195374578e+01
1.250999999999999890e+00 7.686947184255781274e+00 4.598670101627971718e+01
1.300999999999999934e+00 5.637620236620053404e+00 3.678658556450636041e+01
1.350999999999999979e+00 4.008288627805145055e+00 2.975672976142661952e+01
1.401000000000000023e+00 2.661947260477391275e+00 2.475752500944487622e+01
1.451000000000000068e+00 1.532536126860657211e+00 2.106257809773338252e+01
1.500999999999999890e+00 5.556894507040528453e-01 1.852851227335958484e+01
1.550999999999999934e+00 -3.203151004753015396e-01 1.653917926562532514e+01
1.600999999999999979e+00 -1.098228475858479936e+00 1.387937152766293458e+01
1.651000000000000023e+00 -1.708252253241595131e+00 1.035156924240680532e+01
1.701000000000000068e+00 -2.133385400099160556e+00 6.931405753902812883e+00
1.750999999999999890e+00 -2.401392828631876419e+00 3.975211421728390704e+00
1.800999999999999934e+00 -2.530906542271999626e+00 1.552678126735518305e+00
1.850999999999999979e+00 -2.556660641305428250e+00 -6.468513596087355211e-03
1.901000000000000023e+00 -2.530259690912390891e+00 -7.701800631808319864e-01
1.951000000000000068e+00 -2.479642634987345051e+00 -1.314515171712189456e+00
2.000999999999999890e+00 -2.398808173741171945e+00 -1.863730801579976948e+00
2.051000000000000156e+00 -2.293269554829347356e+00 -2.241366076137043528e+00
2.100999999999999979e+00 -2.174671566127467592e+00 -2.435464102920614771e+00
2.150999999999999801e+00 -2.049723144537285879e+00 -2.562788533728319607e+00
2.201000000000000068e+00 -1.918392712754635632e+00 -2.658238897261822054e+00
2.250999999999999890e+00 -1.783899254811103674e+00 -2.687688965616026326e+00
2.301000000000000156e+00 -1.649623816193032999e+00 -2.732636273208342015e+00
2.350999999999999979e+00 -1.510635627490269473e+00 -2.864703458833142147e+00
2.401000000000000245e+00 -1.363153470309718784e+00 -3.006373518999307937e+00
2.451000000000000068e+00 -1.209998275590338679e+00 -3.072229142350082487e+00
2.500999999999999890e+00 -1.055930556074710536e+00 -3.029882388239021118e+00
2.551000000000000156e+00 -9.070100367664365448e-01 -2.822067506605661968e+00
2.600999999999999979e+00 -7.737238054141443167e-01 -2.418585485425643888e+00
2.651000000000000245e+00 -6.651514882238721560e-01 -1.952670384457639852e+00
2.701000000000000068e+00 -5.784567669683803315e-01 -1.549355134372804033e+00
2.750999999999999890e+00 -5.102159747865917527e-01 -1.211943410237614094e+00
2.801000000000000156e+00 -4.572624259446189110e-01 -9.165203123596432633e-01
2.850999999999999979e+00 -4.185639435506274264e-01 -6.829800462189278276e-01
2.901000000000000245e+00 -3.889644213227261282e-01 -4.803603142223727973e-01
2.951000000000000068e+00 -3.705279121283901467e-01 -2.595082839798074081e-01
3.000999999999999890e+00 -3.630135929247453874e-01 -8.066522471947723538e-02
3.051000000000000156e+00 -3.624613896564424231e-01 -1.394991114864185811e-02
3.100999999999999979e+00 -3.616186018098812016e-01 -8.683953736832727976e-03
3.151000000000000245e+00 -3.615929942827591503e-01 -1.155551905465790341e-02
3.201000000000000068e+00 -3.604630499044154113e-01 -5.230830657635132663e-02
3.250999999999999890e+00 -3.563621636251240177e-01 -1.025993765717408968e-01
3.301000000000000156e+00 -3.502031122472413216e-01 -1.138598180326533260e-01
3.350999999999999979e+00 -3.449761818218586851e-01 -1.231328723638558387e-01
3.401000000000000245e+00 -3.378898250108557377e-01 -1.613546640147317524e-01
3.451000000000000068e+00 -3.288407154203855098e-01 -1.855467999218324282e-01
3.500999999999999890e+00 -3.193351450186724949e-01 -2.054503901891741036e-01
3.551000000000000156e+00 -3.082956764014680995e-01 -2.505186970173212124e-01
3.600999999999999979e+00 -2.942832753169403737e-01 -3.185433227027090197e-01
3.651000000000000245e+00 -2.764413441311971975e-01 -4.029630363647890290e-01
3.701000000000000068e+00 -2.539869716804614708e-01 -4.899735710767907926e-01
3.750999999999999890e+00 -2.274439870235181183e-01 -5.431096085973260434e-01
3.801000000000000156e+00 -1.996760108207288609e-01 -5.549994113326663925e-01
3.850999999999999979e+00 -1.719440458902514735e-01 -5.235682983028646653e-01
3.901000000000000245e+00 -1.473191809904423888e-01 -4.343419758228497796e-01
3.951000000000000068e+00 -1.285098483079664955e-01 -3.161384126926712335e-01
4.001000000000000334e+00 -1.157053397211752627e-01 -2.192424856530947319e-01
4.051000000000000156e+00 -1.065855997426570223e-01 -1.507927164374654738e-01
4.101000000000000867e+00 -1.006260680774287153e-01 -1.188256303617565846e-01
4.151000000000000689e+00 -9.470303670648136385e-02 -1.368320572486292352e-01
4.201000000000000512e+00 -8.694286235256579176e-02 -1.813143109229858885e-01
4.251000000000000334e+00 -7.657160561418277500e-02 -2.155754719828616162e-01
4.301000000000000156e+00 -6.538531515427963015e-02 -2.325226072080310014e-01
4.351000000000000867e+00 -5.331934489337967348e-02 -2.251322439338566961e-01
4.401000000000000689e+00 -4.287209076089396054e-02 -1.836741956244077600e-01
4.451000000000000512e+00 -3.495192533093889609e-02 -1.340894402318301981e-01
4.501000000000000334e+00 -2.946314673771094003e-02 -1.018000166938964890e-01
4.551000000000000156e+00 -2.477192366154924719e-02 -8.448934713551795039e-02
4.601000000000000867e+00 -2.101421202415914430e-02 -7.357484301071227917e-02
4.651000000000000689e+00 -1.741443936047801927e-02 -7.840536501849251771e-02
4.701000000000000512e+00 -1.317367552230989253e-02 -8.658276499416722727e-02
4.751000000000000334e+00 -8.756162861061296543e-03 -7.927518535947927769e-02
4.801000000000001044e+00 -5.246156986361964411e-03 -5.996611963844338672e-02
4.851000000000000867e+00 -2.759550897216957351e-03 -4.229587251080926813e-02
4.901000000000000689e+00 -1.016569735281038032e-03 -2.580647834267221774e-02
4.951000000000000512e+00 -1.789030629497355982e-04 -1.016569735281037945e-02
5.001000000000000334e+00 5.082197683525802034e-21 -3.578061258994711964e-03
