1.000000000000000021e-03 1.874921521509851914e+02 2.117121400257872210e+01
5.100000000000000366e-02 1.864335914508562553e+02 4.155651771951056617e+01
1.010000000000000064e-01 1.833365003790341348e+02 8.015075820850682931e+01
1.510000000000000231e-01 1.784185156300055723e+02 1.134249906100475869e+02
2.010000000000000120e-01 1.719940013180293761e+02 1.399887582649103024e+02
2.510000000000000009e-01 1.644196398035145421e+02 1.595397879863094204e+02
3.010000000000000453e-01 1.560400225193984340e+02 1.727429179244663260e+02
3.510000000000000342e-01 1.471453480110679095e+02 1.808672068817543277e+02
4.010000000000000231e-01 1.379533018312230013e+02 1.853667449532485989e+02
4.510000000000000120e-01 1.286086735157430496e+02 1.875823719980478188e+02
5.010000000000000009e-01 1.191950646314182194e+02 1.885422096529954672e+02
5.510000000000000453e-01 1.097544525504435029e+02 1.889407989194450010e+02
6.010000000000000897e-01 1.003009847394737193e+02 1.891554456844120580e+02
6.510000000000000231e-01 9.083890798200229710e+01 1.893697281732923443e+02
7.010000000000000675e-01 8.136401192214448486e+01 1.901187749554813422e+02
7.510000000000000009e-01 7.182703048645416288e+01 1.905277716348875572e+02
8.010000000000000453e-01 6.231123475865572914e+01 1.887166300602987690e+02
8.510000000000000897e-01 5.295536748042428599e+01 1.837385018464032385e+02
9.010000000000000231e-01 4.393738457401540387e+01 1.741121090583954469e+02
9.510000000000000675e-01 3.554415657458473987e+01 1.577508809829020322e+02
1.000999999999999890e+00 2.816229647572519923e+01 1.362139093089199946e+02
1.050999999999999934e+00 2.192276564369273828e+01 1.128333335055880156e+02
1.100999999999999979e+00 1.687896312516639696e+01 8.912004929417193466e+01
1.151000000000000023e+00 1.301076071427554481e+01 6.780072614333292336e+01
1.201000000000000068e+00 1.009889051083310463e+01 5.151931486991247056e+01
1.250999999999999890e+00 7.858829227284297225e+00 4.001535494616462074e+01
1.300999999999999934e+00 6.097355016216642554e+00 3.224354419180610165e+01
1.350999999999999979e+00 4.634474808103687060e+00 2.787708370603247943e+01
1.401000000000000023e+00 3.309646645613394611e+00 2.533444583324336818e+01
1.451000000000000068e+00 2.101030224779349975e+00 2.327598587409164210e+01
1.500999999999999890e+00 9.820480582042301343e-01 2.115408739210537448e+01
1.550999999999999934e+00 -1.437851443118759454e-02 1.836384627343464615e+01
1.600999999999999979e+00 -8.543365691392346140e-01 1.475063218944243104e+01
1.651000000000000023e+00 -1.489441733375430843e+00 1.111532010164061290e+01
1.701000000000000068e+00 -1.965868579303295949e+00 7.986436027203605015e+00
1.750999999999999890e+00 -2.288085336095791344e+00 5.323981604731868877e+00
1.800999999999999934e+00 -2.498266739776482837e+00 3.357066420190952805e+00
1.850999999999999979e+00 -2.623791978114886625e+00 1.964639904975169493e+00
1.901000000000000023e+00 -2.694730730273999786e+00 6.514418982419467596e-01
1.951000000000000068e+00 -2.688936167939081301e+00 -6.785504394101327108e-01
2.000999999999999890e+00 -2.626875686332986515e+00 -1.710557276897333168e+00
2.051000000000000156e+00 -2.517880440249347984e+00 -2.501189478165115609e+00
2.100999999999999979e+00 -2.376756738516474954e+00 -2.994279155351393662e+00
2.150999999999999801e+00 -2.218452524714208618e+00 -3.143068632005956431e+00
2.201000000000000068e+00 -2.062449875315879311e+00 -3.090811182581285621e+00
2.250999999999999890e+00 -1.909371406456080056e+00 -2.966081572966170476e+00
2.301000000000000156e+00 -1.765841718019262263e+00 -2.780979487375678794e+00
2.350999999999999979e+00 -1.631273457718512176e+00 -2.656663490762734003e+00
2.401000000000000245e+00 -1.500175368942988863e+00 -2.650654696539933575e+00
2.451000000000000068e+00 -1.366207988064518819e+00 -2.714035403032422078e+00
2.500999999999999890e+00 -1.228771828639746655e+00 -2.851481676170828372e+00
2.551000000000000156e+00 -1.081059820447435982e+00 -3.002602727344891864e+00
2.600999999999999979e+00 -9.285115559052574685e-01 -2.966424179347529666e+00
2.651000000000000245e+00 -7.844174025126829930e-01 -2.691372160730899132e+00
2.701000000000000068e+00 -6.593743398321675331e-01 -2.295284729679988089e+00
2.750999999999999890e+00 -5.548889295446841619e-01 -1.840108426162683664e+00
2.801000000000000156e+00 -4.753634972158991556e-01 -1.385879078902713557e+00
2.850999999999999979e+00 -4.163010216544127950e-01 -1.046763463891861035e+00
2.901000000000000245e+00 -3.706871508267130522e-01 -8.520968700550618502e-01
2.951000000000000068e+00 -3.310913346489066100e-01 -7.033410393833683383e-01
3.000999999999999890e+00 -3.003530468883762183e-01 -5.339212874290283350e-01
3.051000000000000156e+00 -2.776992059060037765e-01 -3.609134157968424406e-01
3.100999999999999979e+00 -2.642617053086919743e-01 -2.136877950931259651e-01
3.151000000000000245e+00 -2.563304263966911800e-01 -1.021119406752873937e-01
3.201000000000000068e+00 -2.540505112411632349e-01 -4.759852055374547142e-02
3.250999999999999890e+00 -2.515705743413166329e-01 -7.316694281243873998e-02
3.301000000000000156e+00 -2.467338169599193609e-01 -1.376175509558388854e-01
3.350999999999999979e+00 -2.378088192457327443e-01 -1.841009165471652054e-01
3.401000000000000245e+00 -2.283237253052028404e-01 -1.882120746112686538e-01
3.451000000000000068e+00 -2.189876117846058790e-01 -1.722270131930747628e-01
3.500999999999999890e+00 -2.111010239858953641e-01 -1.321274640382588683e-01
3.551000000000000156e+00 -2.057748653807799921e-01 -9.875366833189846982e-02
3.600999999999999979e+00 -2.012256571527055171e-01 -1.176434086217045816e-01
3.651000000000000245e+00 -1.940105245186095340e-01 -1.960036788833488530e-01
3.701000000000000068e+00 -1.816252892643706318e-01 -2.691750505553902606e-01
3.750999999999999890e+00 -1.670930194630705079e-01 -3.025521083484744578e-01
3.801000000000000156e+00 -1.513700784295231860e-01 -2.851663232325452046e-01
3.850999999999999979e+00 -1.385763871398159874e-01 -1.973400217717302674e-01
3.901000000000000245e+00 -1.316360762523501593e-01 -6.066070732243161734e-02
3.951000000000000068e+00 -1.325103164075728257e-01 5.929510524858017106e-02
4.001000000000000334e+00 -1.375655867772081764e-01 1.253322027496356350e-01
4.051000000000000156e+00 -1.450435366825363892e-01 1.397972187343385353e-01
4.101000000000000867e+00 -1.515453086506420299e-01 9.348285932033489898e-02
4.151000000000000689e+00 -1.543918226145698791e-01 2.553861020885284105e-03
4.201000000000000512e+00 -1.518006947527305583e-01 -9.045060425107109836e-02
4.251000000000000334e+00 -1.453467621894627693e-01 -1.604323384593070445e-01
4.301000000000000156e+00 -1.357574609067998539e-01 -2.111977370247812569e-01
4.351000000000000867e+00 -1.242269884869846436e-01 -2.395988328512407839e-01
4.401000000000000689e+00 -1.117975776216757755e-01 -2.442012233844453872e-01
4.451000000000000512e+00 -9.980686614854010485e-02 -2.459160351131774169e-01
4.501000000000000334e+00 -8.720597411035803381e-02 -2.628037207956966381e-01
4.551000000000000156e+00 -7.352649406897043827e-02 -2.807015630716483967e-01
4.601000000000000867e+00 -5.913581780319319275e-02 -2.799658942823459173e-01
4.651000000000000689e+00 -4.552990464073584237e-02 -2.613474049927056453e-01
4.701000000000000512e+00 -3.300107730392262684e-02 -2.304213314137553703e-01
4.751000000000000334e+00 -2.248777149936030326e-02 -1.847767812616642746e-01
4.801000000000001044e+00 -1.452339917775619799e-02 -1.344651169974124261e-01
4.851000000000000867e+00 -9.041259799619059609e-03 -9.419695393305008158e-02
4.901000000000000689e+00 -5.103703784451188268e-03 -6.784814130248593977e-02
4.951000000000000512e+00 -2.256445669370464157e-03 -5.103703784451187747e-02
5.001000000000000334e+00 1.084202172485504434e-19 -4.512891338740927794e-02
