1.000000000000000021e-03 5.635989859614763731e+01 6.807590780744163794e+00
5.100000000000000366e-02 5.601951905711042912e+01 1.361518156148825653e+01
1.010000000000000064e-01 5.499838043999881165e+01 2.723036312297637096e+01
1.510000000000000231e-01 5.329648274481279202e+01 4.084554468446462749e+01
2.010000000000000120e-01 5.091382597155234890e+01 4.765313546520872023e+01
2.510000000000000009e-01 4.853116919829192000e+01 4.765313546520864918e+01
3.010000000000000453e-01 4.614851242503148399e+01 4.765313546520872023e+01
3.510000000000000342e-01 4.376585565177104797e+01 4.765313546520872023e+01
4.010000000000000231e-01 4.138319887851061196e+01 4.765313546520872023e+01
4.510000000000000120e-01 3.900054210525017595e+01 4.765313546520872023e+01
5.010000000000000009e-01 3.661788533198973994e+01 4.765313546520872023e+01
5.510000000000000453e-01 3.423522855872930393e+01 4.765313546520872023e+01
6.010000000000000897e-01 3.185257178546886792e+01 4.765313546520872023e+01
6.510000000000000231e-01 2.946991501220843190e+01 4.765313546520875576e+01
7.010000000000000675e-01 2.708725823894799234e+01 4.765313546520875576e+01
7.510000000000000009e-01 2.470460146568755633e+01 4.765313546520872023e+01
8.010000000000000453e-01 2.232194469242712032e+01 4.765313546520868471e+01
8.510000000000000897e-01 1.993928791916668786e+01 4.765313546520864918e+01
9.010000000000000231e-01 1.755663114590625540e+01 4.765313546520868471e+01
9.510000000000000675e-01 1.517397437264581939e+01 4.765313546520872023e+01
1.000999999999999890e+00 1.279131759938538337e+01 4.939207997463295641e+01
1.050999999999999934e+00 1.023476637518252375e+01 4.939207997463293509e+01
1.100999999999999979e+00 7.852109601922089510e+00 4.523428811321183218e+01
1.151000000000000023e+00 5.711337563861340172e+00 4.069274803659116913e+01
1.201000000000000068e+00 3.782834798262972420e+00 3.692184163636529348e+01
1.250999999999999890e+00 2.019153400224810824e+00 3.255490032242450127e+01
1.300999999999999934e+00 5.273447660205219378e-01 2.715474994082012472e+01
1.350999999999999979e+00 -6.963215938572020480e-01 2.013820027411822977e+01
1.401000000000000023e+00 -1.486475261391300817e+00 1.473623657511117990e+01
1.451000000000000068e+00 -2.169945251368320172e+00 1.260227432050072771e+01
1.500999999999999890e+00 -2.746702693441373633e+00 9.258363773575521094e+00
1.550999999999999934e+00 -3.095781628725872370e+00 4.526310479235182704e+00
1.600999999999999979e+00 -3.199333741364891903e+00 1.513740233789810929e+00
1.651000000000000023e+00 -3.247155652104853463e+00 -3.807130659251090066e-02
1.701000000000000068e+00 -3.195526610705640813e+00 -2.674959972521562257e+00
1.750999999999999890e+00 -2.979659654852697237e+00 -5.024183105103459113e+00
1.800999999999999934e+00 -2.693108300195294902e+00 -6.106223303980877759e+00
1.850999999999999979e+00 -2.369037324454609461e+00 -6.320546236101622917e+00
1.901000000000000023e+00 -2.061053676585132610e+00 -6.122404675163521937e+00
1.951000000000000068e+00 -1.756796856938257267e+00 -5.956360447349783982e+00
2.000999999999999890e+00 -1.465417631850154168e+00 -5.738371329418600730e+00
2.051000000000000156e+00 -1.182959723996397150e+00 -5.126834489946809903e+00
2.100999999999999979e+00 -9.527341828554731773e-01 -4.840190290450454569e+00
2.150999999999999801e+00 -6.989406949513516931e-01 -4.084859428021164085e+00
2.201000000000000068e+00 -5.442482400533567022e-01 -2.261118660479240372e+00
2.250999999999999890e+00 -4.728288289034276448e-01 -1.276612423959319065e+00
2.301000000000000156e+00 -4.165869976574247957e-01 -1.316204672348439964e+00
2.350999999999999979e+00 -3.412083616685836485e-01 -1.047228238780787857e+00
2.401000000000000245e+00 -3.118641737793459989e-01 -4.948837415166335019e-01
2.451000000000000068e+00 -2.917199875169202983e-01 7.966116632054376367e-02
2.500999999999999890e+00 -3.198302904114003753e-01 -2.020122058224921302e-01
2.551000000000000156e+00 -2.715187669346710853e-01 -1.008646292100702446e+00
2.600999999999999979e+00 -2.189656612013301251e-01 -5.486306929835982338e-01
2.651000000000000245e+00 -2.166556976363112619e-01 5.541228602727404917e-02
2.701000000000000068e+00 -2.245068898040575300e-01 -4.335249848191205513e-01
2.750999999999999890e+00 -1.733031991543992067e-01 -5.974491421436978200e-01
2.801000000000000156e+00 -1.647619755896877480e-01 -2.286584432628888108e-01
2.850999999999999979e+00 -1.504373548281103257e-01 7.220947149938955478e-02
2.901000000000000245e+00 -1.719829227396267035e-01 3.611491375092368283e-01
2.951000000000000068e+00 -1.865522685790340085e-01 3.645902344962184682e-01
3.000999999999999890e+00 -2.084419461892485503e-01 4.510689760515734781e-01
3.051000000000000156e+00 -2.316591661841913563e-01 8.551089099571707042e-01
3.100999999999999979e+00 -2.939528371849656208e-01 9.018479165542481191e-01
3.151000000000000245e+00 -3.218439578396161682e-01 4.341366459715373383e-01
3.201000000000000068e+00 -3.373665017821193546e-01 1.022798045962458602e-01
3.250999999999999890e+00 -3.320719382992407542e-01 -4.504274710396938275e-02
3.301000000000000156e+00 -3.328622270717224163e-01 -1.036144701023827830e-01
3.350999999999999979e+00 -3.217104912890024759e-01 -3.130119411369947091e-01
3.401000000000000245e+00 -3.015610329580229454e-01 -4.507569487289647681e-01
3.451000000000000068e+00 -2.766347964161059991e-01 -4.745317462144199583e-01
3.500999999999999890e+00 -2.541078583365809496e-01 -4.256866959506289128e-01
3.551000000000000156e+00 -2.340661268210431079e-01 -4.643994663096384645e-01
3.600999999999999979e+00 -2.076679117056171031e-01 -5.537329674702473614e-01
3.651000000000000245e+00 -1.786928300740183717e-01 -5.888339102288622229e-01
3.701000000000000068e+00 -1.487845206827308753e-01 -6.992283172358890742e-01
3.750999999999999890e+00 -1.087699983504294560e-01 -6.579975453730415591e-01
3.801000000000000156e+00 -8.298476614542671381e-02 -4.659264808780222977e-01
3.850999999999999979e+00 -6.217735026262722481e-02 -4.372834000243644437e-01
3.901000000000000245e+00 -3.925642614299026945e-02 -2.706164012768192961e-01
3.951000000000000068e+00 -3.511571013494529242e-02 -4.535711395320177197e-03
4.001000000000000334e+00 -3.880285500345825173e-02 1.680913524902487299e-01
4.051000000000000156e+00 -5.192484538397016541e-02 2.441176581136154100e-01
4.101000000000000867e+00 -6.321462081481979411e-02 7.254890430473476259e-02
4.151000000000000689e+00 -5.917973581444364167e-02 1.318950261804938129e-02
4.201000000000000512e+00 -6.453357107662473224e-02 1.081774750943808455e-01
4.251000000000000334e+00 -6.999748332388172622e-02 7.651675433104090929e-02
4.301000000000000156e+00 -7.218524650972882317e-02 7.070154512430856797e-02
4.351000000000000867e+00 -7.706763783631258302e-02 4.448043750758856607e-02
4.401000000000000689e+00 -7.663329026048767978e-02 2.682784756805653426e-02
4.451000000000000512e+00 -7.975042259311823645e-02 1.139973772600735846e-02
4.501000000000000334e+00 -7.777326403308841563e-02 -5.414795016292245355e-02
4.551000000000000156e+00 -7.433562757682599109e-02 -6.940444549237770322e-02
4.601000000000000867e+00 -7.083281948385064530e-02 -9.764573070682597278e-02
4.651000000000000689e+00 -6.457105450614339381e-02 -1.878792754951308375e-01
4.701000000000000512e+00 -5.204489193433756156e-02 -2.341334878997717306e-01
4.751000000000000334e+00 -4.115770571616621937e-02 -2.249227580856901221e-01
4.801000000000001044e+00 -2.955261612576854865e-02 -2.001431185483617536e-01
4.851000000000000867e+00 -2.114339386133004192e-02 -1.834639592826273202e-01
4.901000000000000689e+00 -1.120622019750581663e-02 -1.603904388610203624e-01
4.951000000000000512e+00 -5.104349975228003600e-03 -1.120622019750581594e-01
5.001000000000000334e+00 -1.084202172485504434e-19 -1.020869995045600720e-01
