0.000000000000000000e+00 9.005170185517289383e+01 7.196942861749367815e+00
3.173325912716962877e-02 8.982331940241756740e+01 1.439388572349895945e+01
6.346651825433925753e-02 8.913817204415157391e+01 2.878777144699814272e+01
9.519977738150889324e-02 8.799625978037491336e+01 4.318165717049710395e+01
1.269330365086785151e-01 8.639758261108759996e+01 5.037860003224669470e+01
1.586662956358481369e-01 8.479890544180027234e+01 5.037860003224691496e+01
1.903995547630177865e-01 8.320022827251294473e+01 5.037860003224691496e+01
2.221328138901874083e-01 8.160155110322561711e+01 5.037860003224646732e+01
2.538660730173570301e-01 8.000287393393831792e+01 5.037860003224646732e+01
2.855993321445266520e-01 7.840419676465099030e+01 5.037860003224691496e+01
3.173325912716962738e-01 7.680551959536366269e+01 5.037860003224669470e+01
3.490658503988658956e-01 7.520684242607634928e+01 5.037860003224669470e+01
3.807991095260355729e-01 7.360816525678902167e+01 5.037860003224669470e+01
4.125323686532051948e-01 7.200948808750170826e+01 5.037860003224646732e+01
4.442656277803748166e-01 7.041081091821439486e+01 5.037860003224669470e+01
4.759988869075444384e-01 6.881213374892706724e+01 5.037860003224691496e+01
5.077321460347140603e-01 6.721345657963973963e+01 5.037860003224669470e+01
5.394654051618836821e-01 6.561477941035242623e+01 5.037860003224646732e+01
5.711986642890533039e-01 6.401610224106511282e+01 5.037860003224669470e+01
6.029319234162229257e-01 6.241742507177778521e+01 5.037860003224680128e+01
6.346651825433925476e-01 6.081874790249046470e+01 5.037860003224680128e+01
6.663984416705621694e-01 5.922007073320313708e+01 5.037860003224680128e+01
6.981317007977317912e-01 5.762139356391581657e+01 5.037860003224658101e+01
7.298649599249014130e-01 5.602271639462850317e+01 5.037860003224669470e+01
7.615982190520711459e-01 5.442403922534117555e+01 5.037860003224680128e+01
7.933314781792407677e-01 5.282536205605385504e+01 5.037860003224680128e+01
8.250647373064103896e-01 5.122668488676652743e+01 5.037860003224669470e+01
8.567979964335800114e-01 4.962800771747921402e+01 1.500083310176481888e+00
8.885312555607496332e-01 5.113147982197818209e+01 -1.289380241332247756e+01
9.202645146879192550e-01 5.044633246371218860e+01 7.750009806387957667e+00
9.519977738150888769e-01 5.063961368312975253e+01 1.869959413573726792e+01
9.837310329422584987e-01 4.925953433114768387e+01 6.908943842731362395e+01
1.015464292069428121e+00 4.625474757800060388e+01 8.934724657964284233e+01
1.047197551196597853e+00 4.358897567512583038e+01 7.839809671602715468e+01
1.078930810323767364e+00 4.127909334166741218e+01 1.256544821473391522e+02
1.110664069450937097e+00 3.561412319018218398e+01 1.439727298278035619e+02
1.142397328578106608e+00 3.214164545592406341e+01 1.246546911446337020e+02
1.174130587705276341e+00 2.770272395916226671e+01 1.113365703107672289e+02
1.205863846832445851e+00 2.507550098392022875e+01 4.444197091952246126e+01
1.237597105959615584e+00 2.488214680053958006e+01 5.611902267311053016e+00
1.269330365086785095e+00 2.471933308623036396e+01 6.371792282324391543e+00
1.301063624213954828e+00 2.447775132934058107e+01 -1.129532171530011375e+01
1.332796883341124339e+00 2.543620782806309322e+01 -3.788177752659868958e+01
1.364530142468294072e+00 2.688197585423927549e+01 -5.236579413836452090e+01
1.396263401595463582e+00 2.875968245764857656e+01 -6.417223427453401996e+01
1.427996660722633315e+00 3.095476413224572454e+01 -7.786588628401287338e+01
1.459729919849802826e+00 3.370155915088318466e+01 -7.188858641205069944e+01
1.491463178976972559e+00 3.551728241404478581e+01 -4.739126493511005123e+01
1.523196438104142292e+00 3.670931773198357462e+01 -3.936551754244304391e+01
1.554929697231311803e+00 3.801567475174375943e+01 -2.584807869253605617e+01
1.586662956358481535e+00 3.834980529016301176e+01 1.336794647789233681e-01
1.618396215485651046e+00 3.800719058155213759e+01 3.402812778711409436e+01
1.650129474612820779e+00 3.619015849680114627e+01 7.643296442654529699e+01
1.681862733739990290e+00 3.315625644954153728e+01 7.760997646680084472e+01
1.713595992867160023e+00 3.126452350865208984e+01 5.240896865143224659e+01
1.745329251994329534e+00 2.983004168393431854e+01 7.235996588070405267e+01
1.777062511121499266e+00 2.667208841320102053e+01 8.768450268641072398e+01
1.808795770248668777e+00 2.426501159356457293e+01 7.963967145937520797e+01
1.840529029375838510e+00 2.161763575075500299e+01 6.695604550107461250e+01
1.872262288503008021e+00 2.001554450953225128e+01 4.505191390821384090e+01
1.903995547630177754e+00 1.875834763430642838e+01 5.437135664336952345e+01
1.935728806757347265e+00 1.656478381061264926e+01 7.330000740862982411e+01
1.967462065884516997e+00 1.410625137606342072e+01 6.595088077503714885e+01
1.999195325011686508e+00 1.237911103201400209e+01 5.836750488664850423e+01
2.030928584138856241e+00 1.040186906171470760e+01 4.787659056431201776e+01
2.062661843266025752e+00 9.340550523008566586e+00 3.427079886764401806e+01
2.094395102393195707e+00 8.226820779790589455e+00 4.179392080580143443e+01
2.126128361520365218e+00 6.688035885266760516e+00 3.574589174368639988e+01
2.157861620647534728e+00 5.958153488922281582e+00 1.453804089957245793e+01
2.189594879774704239e+00 5.765357047131714374e+00 2.787480228913762570e+00
2.221328138901874194e+00 5.781241824090316506e+00 -4.371268122585330929e+00
2.253061398029043705e+00 6.042786215228387547e+00 -7.461649898687382709e+00
2.284794657156213216e+00 6.254806763592847929e+00 -1.511938457550003712e+01
2.316527916283382726e+00 7.002360912383736036e+00 -2.525033085955119461e+01
2.348261175410552681e+00 7.857357348018659593e+00 -1.953455663654131413e+01
2.379994434537722192e+00 8.242151207747209440e+00 -1.098064294916105332e+01
2.411727693664891703e+00 8.554260524195971271e+00 -1.093920297525829710e+01
2.443460952792061214e+00 8.936424333064362457e+00 -1.260136468800213905e+01
2.475194211919231169e+00 9.354025266196645205e+00 -6.951554603589468861e+00
2.506927471046400679e+00 9.377615300209109606e+00 7.941320804888319707e+00
2.538660730173570190e+00 8.850017284369636528e+00 1.707125223019851035e+01
2.570393989300740145e+00 8.294162358916786104e+00 1.344654062697001073e+01
2.602127248427909656e+00 7.996612168210329941e+00 1.079924337662314215e+01
2.633860507555079167e+00 7.608771982021281133e+00 1.680935807024443207e+01
2.665593766682248678e+00 6.929780737401436852e+00 2.226753803611132199e+01
2.697327025809418632e+00 6.195528872773228279e+00 1.392594159647968866e+01
2.729060284936588143e+00 6.045949710859596316e+00 7.322680550656507359e-01
2.760793544063757654e+00 6.149054368889334654e+00 -8.732866729583381726e+00
2.792526803190927165e+00 6.600194356565411979e+00 -1.656111703274989466e+01
2.824260062318097120e+00 7.200130805360604569e+00 -1.540654198706955214e+01
2.855993321445266631e+00 7.577993934824005962e+00 -2.862769130303773935e+01
2.887726580572436141e+00 9.017030698024438351e+00 -5.390798003599203270e+01
2.919459839699605652e+00 1.099934573383285041e+01 -6.330037687774700572e+01
2.951193098826775607e+00 1.303448522264252318e+01 -6.212481974245766025e+01
2.982926357953945118e+00 1.494219174006507522e+01 -4.377822242273619224e+01
3.014659617081114629e+00 1.581293657517763407e+01 -1.441216722194500122e+01
3.046392876208284584e+00 1.585688181414123754e+01 -1.549815530052464752e+01
3.078126135335454094e+00 1.679655053146696631e+01 -2.779259100766651969e+01
3.109859394462623605e+00 1.762078079866468983e+01 -1.784583136463860242e+01
3.141592653589793116e+00 1.792916331353466219e+01 -9.717959117723871998e+00
