0.000000000000000000e+00 5.311346434980168851e+02 7.240897185858101182e+01
3.173325912716962877e-02 5.288368708308966006e+02 1.448179437171638142e+02
6.346651825433925753e-02 5.219435528295356335e+02 2.896358874343293905e+02
9.519977738150889324e-02 5.104546894939339836e+02 4.344538311514941142e+02
1.269330365086785151e-01 4.943702808240917079e+02 5.068628030100759929e+02
1.586662956358481369e-01 4.782858721542494322e+02 5.068628030100750834e+02
1.903995547630177865e-01 4.622014634844072134e+02 5.068628030100750834e+02
2.221328138901874083e-01 4.461170548145649377e+02 5.068628030100769024e+02
2.538660730173570301e-01 4.300326461447226052e+02 5.068628030100769024e+02
2.855993321445266520e-01 4.139482374748803295e+02 5.068628030100759929e+02
3.173325912716962738e-01 3.978638288050380538e+02 5.068628030100759929e+02
3.490658503988658956e-01 3.817794201351957781e+02 5.068628030100769024e+02
3.807991095260355729e-01 3.656950114653534456e+02 5.068628030100759929e+02
4.125323686532051948e-01 3.496106027955112268e+02 5.068628030100759929e+02
4.442656277803748166e-01 3.335261941256688942e+02 5.068628030100769024e+02
4.759988869075444384e-01 3.174417854558266185e+02 5.068628030100759929e+02
5.077321460347140603e-01 3.013573767859843429e+02 5.068628030100759929e+02
5.394654051618836821e-01 2.852729681161420672e+02 5.068628030100759929e+02
5.711986642890533039e-01 2.691885594462997915e+02 5.068628030100755382e+02
6.029319234162229257e-01 2.531041507764575442e+02 5.068628030100755382e+02
6.346651825433925476e-01 2.370197421066152685e+02 5.068628030100764477e+02
6.663984416705621694e-01 2.209353334367729644e+02 5.068628030100764477e+02
6.981317007977317912e-01 2.048509247669306887e+02 5.068628030100755382e+02
7.298649599249014130e-01 1.887665160970884415e+02 5.068628030100759929e+02
7.615982190520711459e-01 1.726821074272461374e+02 5.068628030100769024e+02
7.933314781792407677e-01 1.565976987574038333e+02 5.068628030100764477e+02
8.250647373064103896e-01 1.405132900875615576e+02 5.068628030100757655e+02
8.567979964335800114e-01 1.244288814177192961e+02 5.122840566245654372e+02
8.885312555607496332e-01 1.080004046563916091e+02 5.122840566245658920e+02
9.202645146879192550e-01 9.191599598654931924e+01 4.719250786900956882e+02
9.519977738150888769e-01 7.804896303502616206e+01 4.079450635941493601e+02
9.837310329422584987e-01 6.602514316118364945e+01 3.456980559027811637e+02
1.015464292069428121e+00 5.610871105958270988e+01 2.953663780825614822e+02
1.047197551196597853e+00 4.727926753488868883e+01 2.547978785338090404e+02
1.078930810323767364e+00 3.993757685044980121e+01 1.902083401576317385e+02
1.110664069450937097e+00 3.520740644214678383e+01 1.178907877080739723e+02
1.142397328578106608e+00 3.245545902035689068e+01 9.010907781929684290e+01
1.174130587705276341e+00 2.948849700984670363e+01 8.299916630346007196e+01
1.205863846832445851e+00 2.718779091706340267e+01 7.695417488247684901e+01
1.237597105959615584e+00 2.460448346492037075e+01 5.919230046006792634e+01
1.269330365086785095e+00 2.343106169939816752e+01 1.974628563225093814e+01
1.301063624213954828e+00 2.335125546738571956e+01 -1.068231675296479466e+01
1.332796883341124339e+00 2.410903115059884172e+01 -2.498350928957356132e+01
1.364530142468294072e+00 2.493687181576989431e+01 -3.402951189504282326e+01
1.396263401595463582e+00 2.626876578847183197e+01 -2.488647903009879769e+01
1.427996660722633315e+00 2.651632999141989089e+01 -2.911100758595319959e+01
1.459729919849802826e+00 2.811634008282793928e+01 -5.467126050439167528e+01
1.491463178976972559e+00 2.998612454420960205e+01 -5.525592394168381105e+01
1.523196438104142292e+00 3.162324118833319631e+01 -2.890213384837320021e+01
1.554929697231311803e+00 3.182044234968673635e+01 7.963874509200502771e+00
1.586662956358481535e+00 3.111780180141975549e+01 1.341471555768494284e+01
1.618396215485651046e+00 3.096905705986815605e+01 -3.494214088731880441e+00
1.650129474612820779e+00 3.133956740366682681e+01 1.391721953665045142e+01
1.681862733739990290e+00 3.008577959209568320e+01 4.378370893646163609e+01
1.713595992867160023e+00 2.856076784120820733e+01 5.184079944267973872e+01
1.745329251994329534e+00 2.679562454794730897e+01 5.284265160673600548e+01
1.777062511121499266e+00 2.520702872840160680e+01 3.964550902982175273e+01
1.808795770248668777e+00 2.427946212540355475e+01 4.883217146695676547e+01
1.840529029375838510e+00 2.210782082659497050e+01 6.501284098649928467e+01
1.872262288503008021e+00 2.015332346616744275e+01 5.203316833484721826e+01
1.903995547630177754e+00 1.880545679864028230e+01 5.029294715615272082e+01
1.935728806757347265e+00 1.696140521741695650e+01 5.869947079593172390e+01
1.967462065884516997e+00 1.508000576385022740e+01 5.746120383362330131e+01
1.999195325011686508e+00 1.331454267539399439e+01 5.613351604502623360e+01
2.030928584138856241e+00 1.151740694309832413e+01 4.808670458273575576e+01
2.062661843266025752e+00 1.026264696120277620e+01 3.648189355521535759e+01
2.094395102393195707e+00 9.202028179823386722e+00 3.332462441120429020e+01
2.126128361520365218e+00 8.147649077690079622e+00 2.847821925266736898e+01
2.157861620647534728e+00 7.394614757772897562e+00 1.902136197915381999e+01
2.189594879774704239e+00 6.940429460417719021e+00 3.431507364704888818e+00
2.221328138901874194e+00 7.176828932970955144e+00 -1.100353640476401473e+01
2.253061398029043705e+00 7.638785604512960958e+00 -1.285480740567062874e+01
2.284794657156213216e+00 7.992678801838965619e+00 -7.943391282837430900e+00
2.316527916283382726e+00 8.142924992366522119e+00 -8.311569820088543281e+00
2.348261175410552681e+00 8.520185199547830379e+00 -1.496975318946521938e+01
2.379994434537722192e+00 9.093003106428669824e+00 -1.542585015647532742e+01
2.411727693664891703e+00 9.499210200092473855e+00 -4.658304481936673902e+00
2.443460952792061214e+00 9.388649472865774115e+00 4.221813736998080380e+00
2.475194211919231169e+00 9.231266381486864958e+00 5.079325089468896159e+00
2.506927471046400679e+00 9.066282394355273055e+00 1.576882709162610974e+00
2.538660730173570190e+00 9.131187126240844165e+00 2.380533295662770499e+00
2.570393989300740145e+00 8.915198234491029439e+00 1.263124821390163355e+01
2.602127248427909656e+00 8.329525780898165976e+00 1.717594045942945513e+01
2.633860507555079167e+00 7.825101095787205807e+00 1.197070264940397344e+01
2.665593766682248678e+00 7.569786962682501397e+00 7.099006451611202806e+00
2.697327025809418632e+00 7.374551873238351263e+00 4.417549281864052269e+00
2.729060284936588143e+00 7.289420490545633236e+00 7.026237832714286036e+00
2.760793544063757654e+00 6.928621021569060900e+00 7.901975704771404541e-01
2.792526803190927165e+00 7.239269402014411270e+00 -1.451331088042764783e+01
2.824260062318097120e+00 7.849730331492622781e+00 -2.251828484739814584e+01
2.855993321445266631e+00 8.668426538338216858e+00 -2.688728142394584353e+01
2.887726580572436141e+00 9.556172468795038455e+00 -2.810695907311232133e+01
2.919459839699605652e+00 1.045227736942586638e+01 -2.344646274743788439e+01
2.951193098826775607e+00 1.104423782475499038e+01 -3.820834223846116373e+01
2.982926357953945118e+00 1.287722781957120333e+01 -5.414558132876486241e+01
3.014659617081114629e+00 1.448066935054885640e+01 -4.702943156556865745e+01
3.046392876208284584e+00 1.586202209651856521e+01 -4.192960379432006590e+01
3.078126135335454094e+00 1.714179531515828359e+01 -3.902231785332534031e+01
3.109859394462623605e+00 1.833863274488326667e+01 -5.312901661857344493e+01
3.141592653589793116e+00 2.051370901821606907e+01 -6.854247981955715829e+01
