1.000000000000000021e-03 1.942216736235232020e+02 2.871882229796597130e+01
5.100000000000000366e-02 1.927857325086249034e+02 5.743764459593165839e+01
1.010000000000000064e-01 1.884779091639300361e+02 1.148752891918636010e+02
1.510000000000000231e-01 1.812982035894385433e+02 1.723129337877955436e+02
2.010000000000000120e-01 1.712466157851504818e+02 2.010317560857606622e+02
2.510000000000000009e-01 1.611950279808624771e+02 2.010317560857606622e+02
3.010000000000000453e-01 1.511434401765744155e+02 2.010317560857609465e+02
3.510000000000000342e-01 1.410918523722863824e+02 2.010317560857609465e+02
4.010000000000000231e-01 1.310402645679983209e+02 2.010317560857609465e+02
4.510000000000000120e-01 1.209886767637102878e+02 2.010317560857606622e+02
5.010000000000000009e-01 1.109370889594222547e+02 2.010317560857609465e+02
5.510000000000000453e-01 1.008855011551341931e+02 2.010317560857608044e+02
6.010000000000000897e-01 9.083391335084617424e+01 2.010317560857608044e+02
6.510000000000000231e-01 8.078232554655811271e+01 2.010317560857609465e+02
7.010000000000000675e-01 7.073073774227007959e+01 2.010317560857608612e+02
7.510000000000000009e-01 6.067914993798202516e+01 2.052157227939135566e+02
8.010000000000000453e-01 5.020916546287872251e+01 2.004764625034889605e+02
8.510000000000000897e-01 4.063150368763312770e+01 1.838689708944824588e+02
9.010000000000000231e-01 3.182226837343047521e+01 1.654745253223227337e+02
9.510000000000000675e-01 2.408405115540085362e+01 1.427830671840509922e+02
1.000999999999999890e+00 1.754396165502537386e+01 1.203005697111134964e+02
1.050999999999999934e+00 1.205399418428950398e+01 9.648892819270066923e+01
1.100999999999999979e+00 7.895068835755306935e+00 6.586938179559770390e+01
1.151000000000000023e+00 5.467056004729732521e+00 4.436505613491410571e+01
1.201000000000000068e+00 3.458563222263896453e+00 3.462939720940208588e+01
1.250999999999999890e+00 2.004116283789523667e+00 2.628014811877850931e+01
1.300999999999999934e+00 8.305484103860453216e-01 2.164611046501484282e+01
1.350999999999999979e+00 -1.604947627119607256e-01 1.628248973496767604e+01
1.401000000000000023e+00 -7.977005631107225714e-01 1.185147495992685229e+01
1.451000000000000068e+00 -1.345642258704646155e+00 1.023340596704927030e+01
1.500999999999999890e+00 -1.821041159815649735e+00 9.168123774668012871e+00
1.550999999999999934e+00 -2.262454636171447486e+00 7.082055902725210572e+00
1.600999999999999979e+00 -2.529246750088170792e+00 4.503889053718617141e+00
1.651000000000000023e+00 -2.712843541543309200e+00 2.110815122859923676e+00
1.701000000000000068e+00 -2.740328262374163160e+00 -2.361202086077751616e-01
1.750999999999999890e+00 -2.689231520682531684e+00 -1.062017361324851805e+00
1.800999999999999934e+00 -2.634126526241677979e+00 -1.703911041739871735e+00
1.850999999999999979e+00 -2.518840416508544511e+00 -3.831853963422493514e+00
1.901000000000000023e+00 -2.250941129899428628e+00 -5.349902875999346108e+00
1.951000000000000068e+00 -1.983850128908609900e+00 -5.459529810597902433e+00
2.000999999999999890e+00 -1.704988148839638340e+00 -4.758774588671190742e+00
2.051000000000000156e+00 -1.507972670041490826e+00 -3.727692514503322396e+00
2.100999999999999979e+00 -1.332218897389306100e+00 -4.027765525423108173e+00
2.150999999999999801e+00 -1.105196117499180009e+00 -4.505584447660768710e+00
2.201000000000000068e+00 -8.816604526232292294e-01 -3.894623099955928147e+00
2.250999999999999890e+00 -7.157338075035871716e-01 -2.925463833605269404e+00
2.301000000000000156e+00 -5.891140692627022668e-01 -2.611230168646932803e+00
2.350999999999999979e+00 -4.546107906388938691e-01 -2.564755139355874292e+00
2.401000000000000245e+00 -3.326385553271148376e-01 -2.175516666491086326e+00
2.451000000000000068e+00 -2.370591239897852365e-01 -1.489674885233475798e+00
2.500999999999999890e+00 -1.836710668037672411e-01 -1.086175362375011666e+00
2.551000000000000156e+00 -1.284415877522840643e-01 -1.006273381981938053e+00
2.600999999999999979e+00 -8.304372860557343583e-02 -5.504754778824935135e-01
2.651000000000000245e+00 -7.339403996403470742e-02 6.291798362974110326e-02
2.701000000000000068e+00 -8.933552696854754616e-02 4.405025027552805783e-01
2.750999999999999890e+00 -1.174442902395627653e-01 5.033648415299720735e-01
2.801000000000000156e+00 -1.396720111215447591e-01 4.868141121920455117e-01
2.850999999999999979e+00 -1.661257014587673164e-01 6.668576251225679652e-01
2.901000000000000245e+00 -2.063577736338015611e-01 8.360849812580112284e-01
2.951000000000000068e+00 -2.497341995845684393e-01 8.059304224346793832e-01
3.000999999999999890e+00 -2.869508158772695050e-01 5.940379732872980156e-01
3.051000000000000156e+00 -3.091379969132982408e-01 5.024341381994568145e-01
3.100999999999999979e+00 -3.371942296972151865e-01 6.283420743102052786e-01
3.151000000000000245e+00 -3.719722043443187687e-01 6.018406191999703392e-01
3.201000000000000068e+00 -3.973782916172122204e-01 4.429418304412668927e-01
3.250999999999999890e+00 -4.162663873884454580e-01 3.580494472592710142e-01
3.301000000000000156e+00 -4.331832363431393218e-01 2.808806114769935025e-01
3.350999999999999979e+00 -4.443544485361448082e-01 2.157872391337239959e-01
3.401000000000000245e+00 -4.547619602565117214e-01 -1.112929095041931271e-01
3.451000000000000068e+00 -4.332251575857254955e-01 -3.323438185499993924e-01
3.500999999999999890e+00 -4.215275784015117821e-01 -2.994636465860261998e-01
3.551000000000000156e+00 -4.032787929271228755e-01 -4.504358474629194253e-01
3.600999999999999979e+00 -3.764839936552198396e-01 -7.042965287863900414e-01
3.651000000000000245e+00 -3.328491400484838714e-01 -8.810850665347019772e-01
3.701000000000000068e+00 -2.883754870017496419e-01 -8.268813478083231194e-01
3.750999999999999890e+00 -2.501610052676515594e-01 -6.634859852918684187e-01
3.801000000000000156e+00 -2.220268884725628000e-01 -7.172235686471275518e-01
3.850999999999999979e+00 -1.784386484029387987e-01 -7.441458879342796040e-01
3.901000000000000245e+00 -1.476122996791348341e-01 -5.378816242289199412e-01
3.951000000000000068e+00 -1.246504859800467990e-01 -3.658972587317460556e-01
4.001000000000000334e+00 -1.110225738059602285e-01 -3.322320338442347198e-01
4.051000000000000156e+00 -9.142728259562332704e-02 -2.901617306633444415e-01
4.101000000000000867e+00 -8.200640073962578436e-02 -8.783829220495670276e-02
4.151000000000000689e+00 -8.264345337512765677e-02 1.567194727043558222e-02
4.201000000000000512e+00 -8.357359546666934258e-02 -2.810221836423834607e-02
4.251000000000000334e+00 -7.983323153870382216e-02 -6.223281266420396807e-02
4.301000000000000156e+00 -7.735031420024894577e-02 -6.025294065265821009e-02
4.351000000000000867e+00 -7.380793747343800115e-02 -3.446217477689250686e-02
4.401000000000000689e+00 -7.390409672255969509e-02 -7.827446489553663289e-02
4.451000000000000512e+00 -6.598049098388433786e-02 -1.329250739089750388e-01
4.501000000000000334e+00 -6.061158933166219120e-02 -8.697597327451296600e-02
4.551000000000000156e+00 -5.728289365643304126e-02 -6.073518306760915253e-02
4.601000000000000867e+00 -5.453807102490127595e-02 -7.133182560201983824e-02
4.651000000000000689e+00 -5.014971109623105744e-02 -1.107617663390999402e-01
4.701000000000000512e+00 -4.346189439099128193e-02 -1.373649964788400957e-01
4.751000000000000334e+00 -3.641321144834704787e-02 -1.358466494062640639e-01
4.801000000000001044e+00 -2.987722945036487554e-02 -1.541901352273631343e-01
4.851000000000000867e+00 -2.099419792561073306e-02 -1.638777981541592876e-01
4.901000000000000689e+00 -1.348944963494894470e-02 -1.461796452583737915e-01
4.951000000000000512e+00 -6.376233399773350956e-03 -1.348944963494894400e-01
5.001000000000000334e+00 -1.084202172485504434e-19 -1.275246679954670226e-01
