0.000000000000000000e+00 1.513920461686372221e+02 1.041020485544677676e+01
3.173325912716962877e-02 1.510616964403924101e+02 2.082040971089489645e+01
6.346651825433925753e-02 1.500706472556578888e+02 4.164081942179113582e+01
9.519977738150889324e-02 1.484188986144336582e+02 6.246122913268693111e+01
1.269330365086785151e-01 1.461064505167197467e+02 7.287143398813415729e+01
1.586662956358481369e-01 1.437940024190058637e+02 7.287143398813415729e+01
1.903995547630177865e-01 1.414815543212919522e+02 7.287143398813415729e+01
2.221328138901874083e-01 1.391691062235780691e+02 7.287143398813370254e+01
2.538660730173570301e-01 1.368566581258641861e+02 7.287143398813459783e+01
2.855993321445266520e-01 1.345442100281502462e+02 7.287143398813459783e+01
3.173325912716962738e-01 1.322317619304363632e+02 7.287143398813415729e+01
3.490658503988658956e-01 1.299193138327224517e+02 7.287143398813415729e+01
3.807991095260355729e-01 1.276068657350085687e+02 7.287143398813415729e+01
4.125323686532051948e-01 1.252944176372946572e+02 7.287143398813459783e+01
4.442656277803748166e-01 1.229819695395807457e+02 7.287143398813415729e+01
4.759988869075444384e-01 1.206695214418668627e+02 7.287143398813392992e+01
5.077321460347140603e-01 1.183570733441529654e+02 7.287143398813415729e+01
5.394654051618836821e-01 1.160446252464390682e+02 7.287143398813438466e+01
5.711986642890533039e-01 1.137321771487251567e+02 7.287143398813459783e+01
6.029319234162229257e-01 1.114197290510112452e+02 7.287143398813438466e+01
6.346651825433925476e-01 1.091072809532973480e+02 7.287143398813415729e+01
6.663984416705621694e-01 1.067948328555834507e+02 7.287143398813438466e+01
6.981317007977317912e-01 1.044823847578695393e+02 7.287143398813459783e+01
7.298649599249014130e-01 1.021699366601556278e+02 7.287143398813415729e+01
7.615982190520711459e-01 9.985748856244174476e+01 7.287143398813415729e+01
7.933314781792407677e-01 9.754504046472783330e+01 7.287143398813438466e+01
8.250647373064103896e-01 9.523259236701393604e+01 7.287143398813415729e+01
8.567979964335800114e-01 9.292014426930003879e+01 7.287143398813392992e+01
8.885312555607496332e-01 9.060769617158615574e+01 7.287143398813438466e+01
9.202645146879192550e-01 8.829524807387223007e+01 7.287143398813459783e+01
9.519977738150888769e-01 8.598279997615833281e+01 7.287143398813415729e+01
9.837310329422584987e-01 8.367035187844443556e+01 7.287143398813415729e+01
1.015464292069428121e+00 8.135790378073053830e+01 7.287143398813415729e+01
1.047197551196597853e+00 7.904545568301664105e+01 7.287143398813438466e+01
1.078930810323767364e+00 7.673300758530272958e+01 7.287143398813459783e+01
1.110664069450937097e+00 7.442055948758881812e+01 7.287143398813415729e+01
1.142397328578106608e+00 7.210811138987493507e+01 7.287143398813415729e+01
1.174130587705276341e+00 6.979566329216102361e+01 7.287143398813438466e+01
1.205863846832445851e+00 6.748321519444712635e+01 7.287143398813415729e+01
1.237597105959615584e+00 6.517076709673322910e+01 7.287143398813427098e+01
1.269330365086785095e+00 6.285831899901932474e+01 7.287143398813438466e+01
1.301063624213954828e+00 6.054587090130542038e+01 7.287143398813427098e+01
1.332796883341124339e+00 5.823342280359152312e+01 7.990683219589385544e+01
1.364530142468294072e+00 5.547446247709829947e+01 7.990683219589395492e+01
1.396263401595463582e+00 5.316201437938439511e+01 6.980715798199065603e+01
1.427996660722633315e+00 5.104404521075074541e+01 5.871403529679302125e+01
1.459729919849802826e+00 4.943563898643456156e+01 5.991598494877156611e+01
1.491463178976972559e+00 4.724138625827281857e+01 6.211138307204421238e+01
1.523196438104142292e+00 4.549364575889040907e+01 3.301758207163406666e+01
1.554929697231311803e+00 4.514587528300931041e+01 8.482667055378431797e+00
1.586662956358481535e+00 4.495528041537475161e+01 2.471761163979944698e+01
1.618396215485651046e+00 4.357713453266831038e+01 5.653654763352162860e+01
1.650129474612820779e+00 4.136710258295453002e+01 7.346921794118574667e+01
1.681862733739990290e+00 3.891429907107201558e+01 6.474819025603987654e+01
1.713595992867160023e+00 3.725776038413414426e+01 6.955446575796244701e+01
1.745329251994329534e+00 3.449991930037347743e+01 1.067852926016208102e+02
1.777062511121499266e+00 3.048046966193841811e+01 1.204951940797627401e+02
1.808795770248668777e+00 2.685250886575006390e+01 8.800400261745048169e+01
1.840529029375838510e+00 2.489516202336307771e+01 5.543045734890207399e+01
1.872262288503008021e+00 2.333453073256959698e+01 5.635746038348020903e+01
1.903995547630177754e+00 2.131835023516672933e+01 7.033234251731218478e+01
1.935728806757347265e+00 1.887078183232416251e+01 6.233221098495192791e+01
1.967462065884516997e+00 1.736234182885695176e+01 4.841291487364028256e+01
1.999195325011686508e+00 1.579818268675049886e+01 4.754948562636013776e+01
2.030928584138856241e+00 1.434454153136712407e+01 5.649271571421474647e+01
2.062661843266025752e+00 1.221278671363709023e+01 6.356392625847328048e+01
2.094395102393195707e+00 1.031036044516625516e+01 5.651561687064670281e+01
2.126128361520365218e+00 8.625937283860947602e+00 4.424464934142200434e+01
2.157861620647534728e+00 7.502306600082055965e+00 3.280422876417017619e+01
2.189594879774704239e+00 6.543967100180219987e+00 2.643045324263966123e+01
2.221328138901874194e+00 5.824857756887605653e+00 2.287511653365090325e+01
2.253061398029043705e+00 5.092163099127127168e+00 2.433756045528048162e+01
2.284794657156213216e+00 4.280237531986461619e+00 1.570499959342625829e+01
2.316527916283382726e+00 4.095421455746548922e+00 -3.056094072448781063e+00
2.348261175410552681e+00 4.474197182222510172e+00 -1.369199286601759802e+01
2.379994434537722192e+00 4.964404570915937676e+00 -1.067562170715198278e+01
2.411727693664891703e+00 5.151741722175891880e+00 -1.068109100940748846e+01
2.443460952792061214e+00 5.642296228440756956e+00 -2.192972203084491412e+01
2.475194211919231169e+00 6.543544825759096462e+00 -2.736191938221482545e+01
2.506927471046400679e+00 7.378861984385853390e+00 -1.955765536915522773e+01
2.538660730173570190e+00 7.784801117257662995e+00 -9.486994455764612866e+00
2.570393989300740145e+00 7.980968491191453573e+00 -6.013513696280825549e+00
2.602127248427909656e+00 8.166457894035389131e+00 -8.738730290893236941e+00
2.633860507555079167e+00 8.535585276718176573e+00 1.149087087005310037e+00
2.665593766682248678e+00 8.093529337452141093e+00 2.083934205639177151e+01
2.697327025809418632e+00 7.212984793687768459e+00 2.274803582764019083e+01
2.729060284936588143e+00 6.649790706346851543e+00 1.351039234217351037e+01
2.760793544063757654e+00 6.355527231479928041e+00 1.020780402724115454e+01
2.792526803190927165e+00 6.001936925715233073e+00 1.775647195941895262e+01
2.824260062318097120e+00 5.228585779734801875e+00 2.742353458366326890e+01
2.855993321445266631e+00 4.261460667462664276e+00 1.477590564889844593e+01
2.887726580572436141e+00 4.290810494144594145e+00 -3.941061328612535331e+00
2.919459839699605652e+00 4.511586108216522284e+00 -1.088861115561336490e+01
2.951193098826775607e+00 4.981872732816731819e+00 -2.874576577333906036e-01
2.982926357953945118e+00 4.529830044898408126e+00 8.619292695435483154e+00
3.014659617081114629e+00 4.434836235622382716e+00 -8.552611622694488602e+00
3.046392876208284584e+00 5.072634526572421976e+00 -2.982015221501152524e+01
3.078126135335454094e+00 6.327417470523586829e+00 -3.749964341489321384e+01
3.109859394462623605e+00 7.452606329894955195e+00 -2.313030233178553985e+01
3.141592653589793116e+00 7.795417225692239604e+00 -1.080288962515589546e+01
