0.000000000000000000e+00 8.976249978673945407e+01 3.697382467985444787e+00
3.173325912716962877e-02 8.964516979079061798e+01 7.394764935970889574e+00
6.346651825433925753e-02 8.929317980294410972e+01 1.478952987194110769e+01
9.519977738150889324e-02 8.870652982319997193e+01 2.218429480791154873e+01
1.269330365086785151e-01 8.788521985155814775e+01 2.588167727589677014e+01
1.586662956358481369e-01 8.706390987991635200e+01 2.588167727589677014e+01
1.903995547630177865e-01 8.624259990827452782e+01 2.588167727589721778e+01
2.221328138901874083e-01 8.542128993663270364e+01 2.588167727589699396e+01
2.538660730173570301e-01 8.459997996499089368e+01 2.588167727589699396e+01
2.855993321445266520e-01 8.377866999334906950e+01 2.588167727589721778e+01
3.173325912716962738e-01 8.295736002170724532e+01 2.588167727589699396e+01
3.490658503988658956e-01 8.213605005006543536e+01 2.588167727589699396e+01
3.807991095260355729e-01 8.131474007842361118e+01 2.588167727589699396e+01
4.125323686532051948e-01 8.049343010678180121e+01 2.588167727589677014e+01
4.442656277803748166e-01 7.967212013513999125e+01 2.588167727589699396e+01
4.759988869075444384e-01 7.885081016349816707e+01 2.588167727589677014e+01
5.077321460347140603e-01 7.802950019185637132e+01 2.588167727589677014e+01
5.394654051618836821e-01 7.720819022021454714e+01 2.588167727589744160e+01
5.711986642890533039e-01 7.638688024857270875e+01 2.588167727589699396e+01
6.029319234162229257e-01 7.556557027693091300e+01 2.588167727589677014e+01
6.346651825433925476e-01 7.474426030528908882e+01 2.588167727589721778e+01
6.663984416705621694e-01 7.392295033364726464e+01 2.588167727589699396e+01
6.981317007977317912e-01 7.310164036200545468e+01 2.588167727589699396e+01
7.298649599249014130e-01 7.228033039036363050e+01 2.588167727589721778e+01
7.615982190520711459e-01 7.145902041872180632e+01 2.588167727589699396e+01
7.933314781792407677e-01 7.063771044707999636e+01 2.588167727589677014e+01
8.250647373064103896e-01 6.981640047543818639e+01 2.588167727589699396e+01
8.567979964335800114e-01 6.899509050379636221e+01 2.588167727589699396e+01
8.885312555607496332e-01 6.817378053215455225e+01 2.588167727589699396e+01
9.202645146879192550e-01 6.735247056051272807e+01 2.588167727589721778e+01
9.519977738150888769e-01 6.653116058887090389e+01 2.588167727589677014e+01
9.837310329422584987e-01 6.570985061722910814e+01 2.588167727589677014e+01
1.015464292069428121e+00 6.488854064558728396e+01 2.588167727589721778e+01
1.047197551196597853e+00 6.406723067394545978e+01 2.588167727589710765e+01
1.078930810323767364e+00 6.324592070230364271e+01 2.588167727589699396e+01
1.110664069450937097e+00 6.242461073066182564e+01 2.588167727589699396e+01
1.142397328578106608e+00 6.160330075902000857e+01 2.588167727589699396e+01
1.174130587705276341e+00 6.078199078737819150e+01 2.588167727589699396e+01
1.205863846832445851e+00 5.996068081573637443e+01 2.588167727589699396e+01
1.237597105959615584e+00 5.913937084409455736e+01 2.588167727589699396e+01
1.269330365086785095e+00 5.831806087245274028e+01 2.588167727589699396e+01
1.301063624213954828e+00 5.749675090081092321e+01 2.588167727589688383e+01
1.332796883341124339e+00 5.667544092916911325e+01 2.588167727589699396e+01
1.364530142468294072e+00 5.585413095752728907e+01 2.588167727589710765e+01
1.396263401595463582e+00 5.503282098588547200e+01 2.588167727589699396e+01
1.427996660722633315e+00 5.421151101424365493e+01 2.588167727589688383e+01
1.459729919849802826e+00 5.339020104260184496e+01 2.588167727589710765e+01
1.491463178976972559e+00 5.256889107096001368e+01 2.588167727589710765e+01
1.523196438104142292e+00 5.174758109931820371e+01 2.588167727589688383e+01
1.554929697231311803e+00 5.092627112767638664e+01 2.588167727589699396e+01
1.586662956358481535e+00 5.010496115603456957e+01 3.623539959725517434e+01
1.618396215485651046e+00 4.862653647768391352e+01 2.884063466128462494e+01
1.650129474612820779e+00 4.827454648983741947e+01 -1.024469949958834292e+01
1.681862733739990290e+00 4.927673188548475736e+01 2.236159276768523085e+01
1.713595992867160023e+00 4.685533405425102416e+01 8.725480053344612941e+01
1.745329251994329534e+00 4.373897349465006812e+01 1.048276854356795127e+02
1.777062511121499266e+00 4.020228584298733665e+01 1.000246614404250920e+02
1.808795770248668777e+00 3.739075649345722496e+01 8.161178411954337264e+01
1.840529029375838510e+00 3.502267005639514252e+01 1.033836894010439096e+02
1.872262288503008021e+00 3.082935368288493194e+01 1.608272590108110194e+02
1.903995547630177754e+00 2.481552388659015662e+01 1.311483443041498447e+02
1.935728806757347265e+00 2.250582489507923611e+01 6.410678032300886287e+01
1.967462065884516997e+00 2.074688974299299815e+01 5.329792103827860927e+01
1.999195325011686508e+00 1.912319141658499433e+01 6.732340693021964739e+01
2.030928584138856241e+00 1.647410750811190283e+01 8.203092755744425801e+01
2.062661843266025752e+00 1.391697405534007714e+01 6.940126478218003570e+01
2.094395102393195707e+00 1.206945086993944116e+01 4.745615216792741364e+01
2.126128361520365218e+00 1.090509730749361061e+01 4.471539093816270594e+01
2.157861620647534728e+00 9.231520694712621378e+00 5.183995157329501779e+01
2.189594879774704239e+00 7.614996074663019421e+00 4.506858806597465161e+01
2.221328138901874194e+00 6.371174327526144765e+00 3.002022316256386603e+01
2.253061398029043705e+00 5.709717033316821677e+00 1.689250832426748516e+01
2.284794657156213216e+00 5.299065639602444477e+00 1.083429709976874555e+01
2.316527916283382726e+00 5.022101918661413755e+00 1.245220818852467382e+01
2.348261175410552681e+00 4.508767341298610454e+00 1.060683963593903201e+01
2.379994434537722192e+00 4.348922737286240014e+00 -3.862847988278647726e+00
2.411727693664891703e+00 4.753928853660434939e+00 -1.641721298071062662e+01
2.443460952792061214e+00 5.390866084611886322e+00 -1.142950117296017609e+01
2.475194211919231169e+00 5.479319498492103868e+00 -4.816582544410169753e+00
2.506927471046400679e+00 5.696557808590226202e+00 -9.279300359864304681e+00
2.538660730173570190e+00 6.068244384168928640e+00 -1.223499614623271015e+01
2.570393989300740145e+00 6.473070414846874954e+00 -1.602409709485177558e+01
2.602127248427909656e+00 7.085238034948643460e+00 -4.681609006187208877e+00
2.633860507555079167e+00 6.770195838297734525e+00 1.585818399674469781e+01
2.665593766682248678e+00 6.078774310838575445e+00 1.107466954247661661e+01
2.697327025809418632e+00 6.067325121619367323e+00 5.949052109066784055e+00
2.729060284936588143e+00 5.701208686562472927e+00 1.847522524812081457e+01
2.760793544063757654e+00 4.894766901156478056e+00 2.443060378457687776e+01
2.792526803190927165e+00 4.150683325504094690e+00 2.678061393549960556e+01
2.824260062318097120e+00 3.195094577956679949e+00 1.611665854959690236e+01
2.855993321445266631e+00 3.127815121467150128e+00 -1.067022005083515079e+00
2.887726580572436141e+00 3.262814749520094537e+00 7.589958947583442805e-01
2.919459839699605652e+00 3.079644294657501113e+00 3.193323940369064751e+00
2.951193098826775607e+00 3.060145597366642711e+00 -2.611474496248864519e+00
2.982926357953945118e+00 3.245385488444421096e+00 -6.061443812274317722e+00
3.014659617081114629e+00 3.444844331726002462e+00 -2.846299894846771483e+00
3.046392876208284584e+00 3.426030232678037635e+00 2.271268138871537889e+00
3.078126135335454094e+00 3.300694850929812851e+00 3.964792738905489777e+00
3.109859394462623605e+00 3.174398641939620624e+00 2.784968198874994361e+00
3.141592653589793116e+00 3.123942615898158692e+00 1.590004538747868512e+00
