0.000000000000000000e+00 6.579006326481324152e+01 2.583767205504545195e-01
3.173325912716962877e-02 6.578186412938758565e+01 5.167534411004612860e-01
6.346651825433925753e-02 6.575726672311064647e+01 1.033506882200922572e+00
9.519977738150889324e-02 6.571627104598239555e+01 1.550260323301383636e+00
1.269330365086785151e-01 6.565887709800286132e+01 1.808637043851614390e+00
1.586662956358481369e-01 6.560148315002331287e+01 1.808637043851614390e+00
1.903995547630177865e-01 6.554408920204377864e+01 1.808637043851614390e+00
2.221328138901874083e-01 6.548669525406423020e+01 1.808637043851614390e+00
2.538660730173570301e-01 6.542930130608469597e+01 1.808637043851614390e+00
2.855993321445266520e-01 6.537190735810514752e+01 1.808637043851614390e+00
3.173325912716962738e-01 6.531451341012561329e+01 1.808637043851614390e+00
3.490658503988658956e-01 6.525711946214606485e+01 1.808637043851614390e+00
3.807991095260355729e-01 6.519972551416653062e+01 1.808637043851614390e+00
4.125323686532051948e-01 6.514233156618698217e+01 1.808637043851614390e+00
4.442656277803748166e-01 6.508493761820744794e+01 1.808637043851614390e+00
4.759988869075444384e-01 6.502754367022789950e+01 1.808637043851614390e+00
5.077321460347140603e-01 6.497014972224836526e+01 1.808637043851614390e+00
5.394654051618836821e-01 6.491275577426881682e+01 1.808637043851614390e+00
5.711986642890533039e-01 6.485536182628928259e+01 1.808637043851614390e+00
6.029319234162229257e-01 6.479796787830973415e+01 1.808637043851614390e+00
6.346651825433925476e-01 6.474057393033019991e+01 1.808637043851614390e+00
6.663984416705621694e-01 6.468317998235065147e+01 1.808637043851614390e+00
6.981317007977317912e-01 6.462578603437111724e+01 1.808637043851614390e+00
7.298649599249014130e-01 6.456839208639156880e+01 1.808637043851614390e+00
7.615982190520711459e-01 6.451099813841203456e+01 1.808637043851614390e+00
7.933314781792407677e-01 6.445360419043248612e+01 1.808637043851614390e+00
8.250647373064103896e-01 6.439621024245295189e+01 1.808637043851614390e+00
8.567979964335800114e-01 6.433881629447340345e+01 1.808637043851614390e+00
8.885312555607496332e-01 6.428142234649386921e+01 1.808637043851614390e+00
9.202645146879192550e-01 6.422402839851432077e+01 1.808637043851614390e+00
9.519977738150888769e-01 6.416663445053478654e+01 1.808637043851614390e+00
9.837310329422584987e-01 6.410924050255523809e+01 1.808637043851614390e+00
1.015464292069428121e+00 6.405184655457570386e+01 1.808637043851614390e+00
1.047197551196597853e+00 6.399445260659615542e+01 1.808637043851838211e+00
1.078930810323767364e+00 6.393705865861660698e+01 1.808637043851614390e+00
1.110664069450937097e+00 6.387966471063707274e+01 1.808637043851614390e+00
1.142397328578106608e+00 6.382227076265752430e+01 1.808637043851614390e+00
1.174130587705276341e+00 6.376487681467799007e+01 1.808637043851614390e+00
1.205863846832445851e+00 6.370748286669844163e+01 1.808637043851614390e+00
1.237597105959615584e+00 6.365008891871890739e+01 1.808637043851614390e+00
1.269330365086785095e+00 6.359269497073935895e+01 1.808637043851614390e+00
1.301063624213954828e+00 6.353530102275982472e+01 1.808637043851614390e+00
1.332796883341124339e+00 6.347790707478027628e+01 1.808637043851614390e+00
1.364530142468294072e+00 6.342051312680074204e+01 1.808637043851614390e+00
1.396263401595463582e+00 6.336311917882119360e+01 1.808637043851614390e+00
1.427996660722633315e+00 6.330572523084165937e+01 3.539051367121342384e+00
1.459729919849802826e+00 6.313850791062674261e+01 3.539051367121342384e+00
1.491463178976972559e+00 6.308111396264720838e+01 1.043214643887310622e+01
1.523196438104142292e+00 6.247641589823206232e+01 2.062831668381567951e+01
1.554929697231311803e+00 6.177190652527752945e+01 6.983040554967209346e+01
1.586662956358481535e+00 5.804452318970588465e+01 1.364816639499656503e+02
1.618396215485651046e+00 5.310989050881443774e+01 9.350274359886340392e+01
1.650129474612820779e+00 5.211022960625781764e+01 3.454412461930732547e+01
1.681862733739990290e+00 5.091749519308299909e+01 9.255930054158871201e+01
1.713595992867160023e+00 4.623581306882620368e+01 1.537725201562871575e+02
1.745329251994329534e+00 4.115808873556824921e+01 1.560532499691070427e+02
1.777062511121499266e+00 3.633165663101290477e+01 9.823852069814422805e+01
1.808795770248668777e+00 3.492323186840019389e+01 3.075335822712791511e+01
1.840529029375838510e+00 3.437984805970865665e+01 9.597259490800627191e+01
1.872262288503008021e+00 2.883218542175490740e+01 1.745971314885896959e+02
1.903995547630177754e+00 2.329877602693280636e+01 1.229823796531391764e+02
1.935728806757347265e+00 2.102692197853686906e+01 5.812625155007128086e+01
1.967462065884516997e+00 1.960970522187389165e+01 5.463704635842022839e+01
1.999195325011686508e+00 1.755929887846701121e+01 7.669616088285526700e+01
2.030928584138856241e+00 1.474206692716441758e+01 8.370678844052355316e+01
2.062661843266025752e+00 1.224672046189440877e+01 6.208078794159501967e+01
2.094395102393195707e+00 1.080201546602541285e+01 4.376048284547132283e+01
2.126128361520365218e+00 9.469394978563602905e+00 4.183759891510726447e+01
2.157861620647534728e+00 8.146728730762033521e+00 4.257434800228502780e+01
2.189594879774704239e+00 6.767349343909987880e+00 3.394863136930869274e+01
2.221328138901874194e+00 5.992127298251968881e+00 1.772718167157510649e+01
2.253061398029043705e+00 5.642266844752978017e+00 1.198633750061792824e+01
2.284794657156213216e+00 5.231396190466329976e+00 1.242712346669910950e+01
2.316527916283382726e+00 4.853560586404791266e+00 5.772301477886941257e+00
2.348261175410552681e+00 4.865048313350468945e+00 -3.648720857967841624e+00
2.379994434537722192e+00 5.085132195341995676e+00 -1.104254321376012093e+01
2.411727693664891703e+00 5.565880083800905709e+00 -1.128145207320704912e+01
2.443460952792061214e+00 5.801126679281644272e+00 -7.837580384380149034e+00
2.475194211919231169e+00 6.063304022336019727e+00 -1.093127286796901032e+01
2.506927471046400679e+00 6.494896508299762949e+00 -1.217766324747450213e+01
2.538660730173570190e+00 6.836177909127056473e+00 -5.820648427833941874e+00
2.570393989300740145e+00 6.864312797996976911e+00 5.686471449661927718e-02
2.602127248427909656e+00 6.832568903686428996e+00 5.556071210570943997e+00
2.633860507555079167e+00 6.511688303088867258e+00 6.991402384830599281e+00
2.665593766682248678e+00 6.388848936606146722e+00 5.103778521898873599e+00
2.697327025809418632e+00 6.187769250362667783e+00 1.248335525586814221e+01
2.729060284936588143e+00 5.596573842384189312e+00 1.592105911760190473e+01
2.760793544063757654e+00 5.177315061246972050e+00 1.258920126670361483e+01
2.792526803190927165e+00 4.797581070383393431e+00 1.108642178579814264e+01
2.824260062318097120e+00 4.473698470603309829e+00 8.882267564172035890e+00
2.855993321445266631e+00 4.233854473881943470e+00 9.949200942371827949e+00
2.887726580572436141e+00 3.842257327378178822e+00 1.499693734362831776e+01
2.919459839699605652e+00 3.282051076203374773e+00 6.727865853781095362e-01
2.951193098826775607e+00 3.799557905276004455e+00 -1.469853714246197818e+01
2.982926357953945118e+00 4.214916052067521512e+00 3.172315980208995634e-01
3.014659617081114629e+00 3.779424320269357818e+00 3.536381355897421486e+01
3.046392876208284584e+00 1.970497933283833936e+00 3.521727124920801799e+01
3.078126135335454094e+00 1.544306731663480203e+00 -2.402649561030535175e+00
3.109859394462623605e+00 2.122985735507758598e+00 -2.121054219946415031e+01
3.141592653589793116e+00 2.890465995350204764e+00 -2.418535886171675742e+01
