0.000000000000000000e+00 4.952915812677809981e+02 4.049538912709051175e+01
3.173325912716962877e-02 4.940065305911554674e+02 8.099077825418102350e+01
6.346651825433925753e-02 4.901513785612788752e+02 1.619815565083620470e+02
9.519977738150889324e-02 4.837261251781512215e+02 2.429723347625430847e+02
1.269330365086785151e-01 4.747307704417725063e+02 2.834677238896335894e+02
1.586662956358481369e-01 4.657354157053937911e+02 2.834677238896335894e+02
1.903995547630177865e-01 4.567400609690150759e+02 2.834677238896335894e+02
2.221328138901874083e-01 4.477447062326363607e+02 2.834677238896335894e+02
2.538660730173570301e-01 4.387493514962576455e+02 2.834677238896326799e+02
2.855993321445266520e-01 4.297539967598789872e+02 2.834677238896326799e+02
3.173325912716962738e-01 4.207586420235002720e+02 2.834677238896335894e+02
3.490658503988658956e-01 4.117632872871215568e+02 2.834677238896335894e+02
3.807991095260355729e-01 4.027679325507428416e+02 2.834677238896335894e+02
4.125323686532051948e-01 3.937725778143641264e+02 2.834677238896335894e+02
4.442656277803748166e-01 3.847772230779854112e+02 2.834677238896335894e+02
4.759988869075444384e-01 3.757818683416066960e+02 2.834677238896335894e+02
5.077321460347140603e-01 3.667865136052279809e+02 2.834677238896335894e+02
5.394654051618836821e-01 3.577911588688492657e+02 2.834677238896335894e+02
5.711986642890533039e-01 3.487958041324705505e+02 2.834677238896335894e+02
6.029319234162229257e-01 3.398004493960918353e+02 2.834677238896326799e+02
6.346651825433925476e-01 3.308050946597131770e+02 2.834677238896326799e+02
6.663984416705621694e-01 3.218097399233344618e+02 2.834677238896335894e+02
6.981317007977317912e-01 3.128143851869557466e+02 2.834677238896335894e+02
7.298649599249014130e-01 3.038190304505770314e+02 2.834677238896335894e+02
7.615982190520711459e-01 2.948236757141983162e+02 2.834677238896335894e+02
7.933314781792407677e-01 2.858283209778196010e+02 2.834677238896326799e+02
8.250647373064103896e-01 2.768329662414409427e+02 2.834677238896326799e+02
8.567979964335800114e-01 2.678376115050622275e+02 2.834677238896335894e+02
8.885312555607496332e-01 2.588422567686835123e+02 2.834677238896331346e+02
9.202645146879192550e-01 2.498469020323048255e+02 2.834677238896331346e+02
9.519977738150888769e-01 2.408515472959261103e+02 2.834677238896335894e+02
9.837310329422584987e-01 2.318561925595473951e+02 2.834677238896335894e+02
1.015464292069428121e+00 2.228608378231686800e+02 2.834677238896335894e+02
1.047197551196597853e+00 2.138654830867899648e+02 2.834677238896335894e+02
1.078930810323767364e+00 2.048701283504112496e+02 2.834677238896335894e+02
1.110664069450937097e+00 1.958747736140325344e+02 2.834677238896335894e+02
1.142397328578106608e+00 1.868794188776538192e+02 2.834677238896335894e+02
1.174130587705276341e+00 1.778840641412751040e+02 2.834677238896335894e+02
1.205863846832445851e+00 1.688887094048963888e+02 2.834677238896331346e+02
1.237597105959615584e+00 1.598933546685177021e+02 2.834677238896331346e+02
1.269330365086785095e+00 1.508979999321389869e+02 2.834677238896335894e+02
1.301063624213954828e+00 1.419026451957602717e+02 2.834677238896331346e+02
1.332796883341124339e+00 1.329072904593815849e+02 2.834677238896329072e+02
1.364530142468294072e+00 1.239119357230028839e+02 2.834677238896335894e+02
1.396263401595463582e+00 1.149165809866241545e+02 2.970052213018374232e+02
1.427996660722633315e+00 1.050620484236157495e+02 2.970052213018374232e+02
1.459729919849802826e+00 9.606669368723702007e+01 3.355553368973262423e+02
1.491463178976972559e+00 8.376551950908063304e+01 3.786407968530003814e+02
1.523196438104142292e+00 7.203568064192850784e+01 3.473637346560079777e+02
1.554929697231311803e+00 6.171955270263964621e+01 2.987532657915955383e+02
1.586662956358481535e+00 5.307485104502273998e+01 2.470970312882036808e+02
1.618396215485651046e+00 4.603716445579382821e+01 1.875214099849809202e+02
1.650129474612820779e+00 4.117352005513151170e+01 1.250725737172092380e+02
1.681862733739990290e+00 3.809924367285337610e+01 5.025733255892620122e+01
1.713595992867160023e+00 3.798386214086602308e+01 9.456582235307932294e+00
1.745329251994329534e+00 3.749906732379254493e+01 1.356719974648187588e+01
1.777062511121499266e+00 3.712279921049566411e+01 2.784243163510971542e+01
1.808795770248668777e+00 3.573200512817766139e+01 6.344204442440950231e+01
1.840529029375838510e+00 3.309635353994127627e+01 7.799678392014435246e+01
1.872262288503008021e+00 3.078182081773006473e+01 9.953811832439291152e+01
1.903995547630177754e+00 2.677901573630361298e+01 1.124604661503192631e+02
1.935728806757347265e+00 2.364434658990932547e+01 8.481604287212867632e+01
1.967462065884516997e+00 2.139603680309883771e+01 7.811624472924452789e+01
1.999195325011686508e+00 1.868658051784029439e+01 7.831485922755229012e+01
2.030928584138856241e+00 1.642566536034738078e+01 6.079447193102670610e+01
2.062661843266025752e+00 1.482816705526687251e+01 5.985397642872065660e+01
2.094395102393195707e+00 1.262694187273918978e+01 6.784687885525433160e+01
2.126128361520365218e+00 1.052216187989992946e+01 5.419098778422497986e+01
2.157861620647534728e+00 9.187628557310999255e+00 4.113929545386498177e+01
2.189594879774704239e+00 7.911194034006551412e+00 3.667263365006452602e+01
2.221328138901874194e+00 6.860144184324482808e+00 2.986779653662273759e+01
2.253061398029043705e+00 6.015588979898093491e+00 2.080190352787937158e+01
2.284794657156213216e+00 5.539919794347322402e+00 1.353560073067607838e+01
2.316527916283382726e+00 5.156531529041192385e+00 6.896407831676708788e+00
2.348261175410552681e+00 5.102228800808844333e+00 -2.990814603200456778e-01
2.379994434537722192e+00 5.175513188002129006e+00 -5.358936103343852508e+00
2.411727693664891703e+00 5.442341816835554624e+00 -9.358309390088621171e+00
2.443460952792061214e+00 5.769452501737942995e+00 -7.143799080479835695e+00
2.475194211919231169e+00 5.895733871582160113e+00 -3.899559672704310032e+00
2.506927471046400679e+00 6.016943976889516321e+00 -6.652516934993612630e+00
2.538660730173570190e+00 6.317945959074233286e+00 -5.740301286242690537e+00
2.570393989300740145e+00 6.381260913258245182e+00 -4.779524048135375680e-01
2.602127248427909656e+00 6.348279934099037014e+00 3.962400785635789013e+00
2.633860507555079167e+00 6.129781131465683153e+00 7.266106090839532072e+00
2.665593766682248678e+00 5.887125479246804183e+00 5.129179909595695364e+00
2.697327025809418632e+00 5.804249941103537758e+00 1.085331817012970923e+01
2.729060284936588143e+00 5.198303163482115075e+00 1.832464274653350600e+01
2.760793544063757654e+00 4.641248667726423527e+00 1.468571760309900576e+01
2.792526803190927165e+00 4.266251799146960622e+00 1.559890627679338237e+01
2.824260062318097120e+00 3.651240397762589129e+00 1.428774164521344048e+01
2.855993321445266631e+00 3.359458583207738602e+00 1.697871099127133121e+01
2.887726580572436141e+00 2.573660726699916523e+00 2.168202764796252424e+01
2.919459839699605652e+00 1.983375779697236663e+00 5.825324009095549371e+00
2.951193098826775607e+00 2.203947694139213098e+00 -1.213330711788146488e+01
2.982926357953945118e+00 2.753434537379765068e+00 -1.015353823463528471e+01
3.014659617081114629e+00 2.848357413853825015e+00 -6.238030545271237237e+00
3.046392876208284584e+00 3.149340616852347896e+00 -6.509340943473486796e+00
3.078126135335454094e+00 3.261482619666502991e+00 -1.705940307426159563e+01
3.109859394462623605e+00 4.232041533473102746e+00 -2.147089624339364278e+01
3.141592653589793116e+00 4.624165648034869847e+00 -1.235688124533150223e+01
