1.000000000000000021e-03 1.586669996156057607e+02 2.190609920563758806e+01
5.100000000000000366e-02 1.575716946553238813e+02 4.381219841127489190e+01
1.010000000000000064e-01 1.542857797744782715e+02 8.762439682254978379e+01
1.510000000000000231e-01 1.488092549730689029e+02 1.314365952338249599e+02
2.010000000000000120e-01 1.411421202510957755e+02 1.533426944394625480e+02
2.510000000000000009e-01 1.334749855291226481e+02 1.533426944394624059e+02
3.010000000000000453e-01 1.258078508071495349e+02 1.533426944394622637e+02
3.510000000000000342e-01 1.181407160851764218e+02 1.533426944394625480e+02
4.010000000000000231e-01 1.104735813632032801e+02 1.533426944394625480e+02
4.510000000000000120e-01 1.028064466412301670e+02 1.533426944394624059e+02
5.010000000000000009e-01 9.513931191925703956e+01 1.533426944394625480e+02
5.510000000000000453e-01 8.747217719728391216e+01 1.533426944394625480e+02
6.010000000000000897e-01 7.980504247531078477e+01 1.533426944394624059e+02
6.510000000000000231e-01 7.213790775333767158e+01 1.533426944394624059e+02
7.010000000000000675e-01 6.447077303136454418e+01 1.533426944394625480e+02
7.510000000000000009e-01 5.680363830939141678e+01 1.533426944394624627e+02
8.010000000000000453e-01 4.913650358741829649e+01 1.582745935374481974e+02
8.510000000000000897e-01 4.097617895564659563e+01 1.582745935374481405e+02
9.010000000000000231e-01 3.330904423367348244e+01 1.453247265289312793e+02
9.510000000000000675e-01 2.644370630275346556e+01 1.305633847052518206e+02
1.000999999999999890e+00 2.025270576314829896e+01 1.153053686202176920e+02
1.050999999999999934e+00 1.491316944073169637e+01 9.863766552517790842e+01
1.100999999999999979e+00 1.038893921063050740e+01 7.957133282640968730e+01
1.151000000000000023e+00 6.956036158090727284e+00 5.327010718106752307e+01
1.201000000000000068e+00 5.061928492523755096e+00 3.386042272221101967e+01
1.250999999999999890e+00 3.569993885869625405e+00 2.851332501750191284e+01
1.300999999999999934e+00 2.210595990773563724e+00 2.368577912901809412e+01
1.350999999999999979e+00 1.201415972967816215e+00 1.814820515772514398e+01
1.401000000000000023e+00 3.957754750010490374e-01 1.335910604618663378e+01
1.451000000000000068e+00 -1.344946316508473516e-01 1.121168718840096190e+01
1.500999999999999890e+00 -7.253932438390473525e-01 1.355486520904399939e+01
1.550999999999999934e+00 -1.489981152555247323e+00 1.207317691900782641e+01
1.600999999999999979e+00 -1.932710935739829994e+00 6.533037165755031239e+00
1.651000000000000023e+00 -2.143284869130750447e+00 3.751768656837233262e+00
1.701000000000000068e+00 -2.307887801423553320e+00 2.754288011292618243e+00
1.750999999999999890e+00 -2.418713670260012272e+00 1.932857503656442155e+00
1.800999999999999934e+00 -2.501173551789197536e+00 6.251068790320957191e-01
1.850999999999999979e+00 -2.481224358163221844e+00 -3.133691161021618932e+00
1.901000000000000023e+00 -2.187804435687035642e+00 -5.191048795693086859e+00
1.951000000000000068e+00 -1.962119478593913113e+00 -3.944981343663298556e+00
2.000999999999999890e+00 -1.793306301320705787e+00 -3.908268754806489831e+00
2.051000000000000156e+00 -1.571292603113264130e+00 -4.550212893524543389e+00
2.100999999999999979e+00 -1.338285011968251448e+00 -4.732458403811496517e+00
2.150999999999999801e+00 -1.098046762732114434e+00 -4.421323071639037927e+00
2.201000000000000068e+00 -8.961527048043476107e-01 -3.572741073513219234e+00
2.250999999999999890e+00 -7.407726553807925107e-01 -2.664376488805958232e+00
2.301000000000000156e+00 -6.297150559237517653e-01 -2.238734204051647581e+00
2.350999999999999979e+00 -5.168992349756277305e-01 -2.211133815920962586e+00
2.401000000000000245e+00 -4.086016743316555067e-01 -2.024455251735255867e+00
2.451000000000000068e+00 -3.144537098021021326e-01 -1.474849237080860131e+00
2.500999999999999890e+00 -2.611167506235694824e-01 -1.258220057596912689e+00
2.551000000000000156e+00 -1.886317040424108638e-01 -1.406002370977417204e+00
2.600999999999999979e+00 -1.205165135258277620e-01 -1.216568932893433486e+00
2.651000000000000245e+00 -6.697481075306750686e-02 -7.175549980837905295e-01
2.701000000000000068e+00 -4.876101371744870350e-02 -1.371641583374175188e-01
2.750999999999999890e+00 -5.325839491932575498e-02 1.380317940154897338e-01
2.801000000000000156e+00 -6.256419311899767688e-02 2.231641643855081236e-01
2.850999999999999979e+00 -7.557481135787656734e-02 5.733805479166405039e-01
2.901000000000000245e+00 -1.199022479106617300e-01 7.962139320410502874e-01
2.951000000000000068e+00 -1.551962045619816044e-01 7.527946321257078521e-01
3.000999999999999890e+00 -1.951817111232325153e-01 5.823621607318781868e-01
3.051000000000000156e+00 -2.134324206351694286e-01 4.888770790348886952e-01
3.100999999999999979e+00 -2.440694190267213848e-01 7.016397265143725637e-01
3.151000000000000245e+00 -2.835963932866066850e-01 6.441743978650779079e-01
3.201000000000000068e+00 -3.084868588132291811e-01 4.417427050157041180e-01
3.250999999999999890e+00 -3.277706637881770968e-01 4.016119209795238065e-01
3.301000000000000156e+00 -3.486480509111815618e-01 2.374154080108903386e-01
3.350999999999999979e+00 -3.515122045892661307e-01 -1.778194431123314434e-02
3.401000000000000245e+00 -3.468698564800582473e-01 -2.402374387323502614e-01
3.451000000000000068e+00 -3.274884607160311045e-01 -3.744472650674485203e-01
3.500999999999999890e+00 -3.094251299733133953e-01 -3.883578207670779214e-01
3.551000000000000156e+00 -2.886526786393233124e-01 -5.373823539165117902e-01
3.600999999999999979e+00 -2.556868945816622163e-01 -6.058097738315715297e-01
3.651000000000000245e+00 -2.280717012561661594e-01 -4.826736376976203946e-01
3.701000000000000068e+00 -2.074195308119001768e-01 -3.403754729175656468e-01
3.750999999999999890e+00 -1.940341539644095947e-01 -2.634081448806113723e-01
3.801000000000000156e+00 -1.810787163238390396e-01 -2.483193580872050665e-01
3.850999999999999979e+00 -1.692022181556890881e-01 -2.333149958006935920e-01
3.901000000000000245e+00 -1.577472167437696804e-01 -2.724335277395534272e-01
3.951000000000000068e+00 -1.419588653817337454e-01 -3.348522701276923641e-01
4.001000000000000334e+00 -1.242619897310004440e-01 -3.156111095144735201e-01
4.051000000000000156e+00 -1.103977544302863906e-01 -2.168899097649348851e-01
4.101000000000000867e+00 -1.025729987545069555e-01 -9.433408098508691553e-02
4.151000000000000689e+00 -1.009643463317776990e-01 -7.462827539673547173e-02
4.201000000000000512e+00 -9.511017121483340830e-02 -5.259493511450941128e-02
4.251000000000000334e+00 -9.570485282032675789e-02 7.629519590486730229e-02
4.301000000000000156e+00 -1.027396908053201385e-01 1.267924990764553173e-01
4.351000000000000867e+00 -1.083841027279722896e-01 5.744023568310913097e-02
4.401000000000000689e+00 -1.084837143736310516e-01 -4.423760524478195788e-02
4.451000000000000512e+00 -1.039603422034940938e-01 -1.380182153044767768e-01
4.501000000000000334e+00 -9.468189284318337395e-02 -2.191656813956052718e-01
4.551000000000000156e+00 -8.204377406393356664e-02 -2.955956534613379816e-01
4.601000000000000867e+00 -6.512232749704957580e-02 -3.107911505460323465e-01
4.651000000000000689e+00 -5.096465900933033061e-02 -2.695546286519924228e-01
4.701000000000000512e+00 -3.816686463185033074e-02 -2.259644687555360798e-01
4.751000000000000334e+00 -2.836821213377672263e-02 -1.833100378810615383e-01
4.801000000000001044e+00 -1.983586084374417552e-02 -1.541451405979875344e-01
4.851000000000000867e+00 -1.295369807397796745e-02 -1.193839056019867506e-01
4.901000000000000689e+00 -7.897470283545499764e-03 -8.936144870426780684e-02
4.951000000000000512e+00 -4.017553203551186419e-03 -7.897470283545499070e-02
5.001000000000000334e+00 -1.084202172485504434e-19 -8.035106407102372839e-02
