1.000000000000000021e-03 2.435310197424850003e+02 3.417784380759485430e+01
5.100000000000000366e-02 2.418221275521052576e+02 6.835568761518885594e+01
1.010000000000000064e-01 2.366954509809661147e+02 1.367113752303779961e+02
1.510000000000000231e-01 2.281509900290674580e+02 2.050670628455674205e+02
2.010000000000000120e-01 2.161887446964093726e+02 2.392449066531614221e+02
2.510000000000000009e-01 2.042264993637513157e+02 2.392449066531617063e+02
3.010000000000000453e-01 1.922642540310932020e+02 2.392449066531617063e+02
3.510000000000000342e-01 1.803020086984351451e+02 2.392449066531614221e+02
4.010000000000000231e-01 1.683397633657770598e+02 2.392449066531617063e+02
4.510000000000000120e-01 1.563775180331189745e+02 2.392449066531614221e+02
5.010000000000000009e-01 1.444152727004609176e+02 2.392449066531614221e+02
5.510000000000000453e-01 1.324530273678028323e+02 2.392449066531617063e+02
6.010000000000000897e-01 1.204907820351447469e+02 2.392449066531615642e+02
6.510000000000000231e-01 1.085285367024866758e+02 2.392449066531615642e+02
7.010000000000000675e-01 9.656629136982859052e+01 2.392449066531617063e+02
7.510000000000000009e-01 8.460404603717050520e+01 2.392449066531617063e+02
8.010000000000000453e-01 7.264180070451241988e+01 2.485029707472440919e+02
8.510000000000000897e-01 5.975374896244609602e+01 2.485029707472439497e+02
9.010000000000000231e-01 4.779150362978802491e+01 2.265085424385141266e+02
9.510000000000000675e-01 3.710289471859468335e+01 1.967814759984754005e+02
1.000999999999999890e+00 2.811335602994048344e+01 1.670903845967861798e+02
1.050999999999999934e+00 2.039385625891606324e+01 1.399729562904730926e+02
1.100999999999999979e+00 1.411606040089317382e+01 1.104955232915767880e+02
1.151000000000000023e+00 9.344303929758384086e+00 7.105830431388397983e+01
1.201000000000000068e+00 7.010229969504774949e+00 3.999822196404341668e+01
1.250999999999999890e+00 5.344481733354042419e+00 3.077323900970242221e+01
1.300999999999999934e+00 3.932906068534532729e+00 2.924890327391950251e+01
1.350999999999999979e+00 2.419591405962091990e+00 2.608435920405441877e+01
1.401000000000000023e+00 1.324470148129090585e+00 2.035873227355378390e+01
1.451000000000000068e+00 3.837181786067134226e-01 1.723176778687306054e+01
1.500999999999999890e+00 -3.987066305582154246e-01 1.389293956454721091e+01
1.550999999999999934e+00 -1.005575777848007668e+00 1.093826924419516367e+01
1.600999999999999979e+00 -1.492533554977731880e+00 7.428524130883409349e+00
1.651000000000000023e+00 -1.748428190936348603e+00 4.150725601616944260e+00
1.701000000000000068e+00 -1.907606115139426350e+00 2.628387008312724760e+00
1.750999999999999890e+00 -2.011266891767621079e+00 6.342686792120733053e-01
1.800999999999999934e+00 -1.971032983060633681e+00 -1.672291136178307713e+00
1.850999999999999979e+00 -1.844037778149790308e+00 -3.010191467586869063e+00
1.901000000000000023e+00 -1.670013836301946775e+00 -3.840290499043459427e+00
1.951000000000000068e+00 -1.460008728245444365e+00 -3.862483098036253448e+00
2.000999999999999890e+00 -1.283765526498321430e+00 -3.362391801144402059e+00
2.051000000000000156e+00 -1.123769548131004159e+00 -3.021593251509431255e+00
2.100999999999999979e+00 -9.816062013473783043e-01 -2.850579251376443857e+00
2.150999999999999801e+00 -8.387116229933597733e-01 -2.560745693371855314e+00
2.201000000000000068e+00 -7.255316320101927730e-01 -1.772814053382862909e+00
2.250999999999999890e+00 -6.614302176550734824e-01 -8.542647446049533855e-01
2.301000000000000156e+00 -6.401051575496974344e-01 -1.106653540648194767e+00
2.350999999999999979e+00 -5.507648635902540057e-01 -2.041070037645144275e+00
2.401000000000000245e+00 -4.359981537851829736e-01 -2.228301625792289631e+00
2.451000000000000068e+00 -3.279347010110250094e-01 -2.091085209164799341e+00
2.500999999999999890e+00 -2.268896328687030339e-01 -2.308071003703477952e+00
2.551000000000000156e+00 -9.712760064067721411e-02 -2.746028572683384628e+00
2.600999999999999979e+00 4.771322439963548295e-02 -2.655585130775086622e+00
2.651000000000000245e+00 1.684309124368314203e-01 -1.703246791528317816e+00
2.701000000000000068e+00 2.180379035524672715e-01 -1.392487018947392796e+00
2.750999999999999890e+00 3.076796143315707055e-01 -1.425184040684039921e+00
2.801000000000000156e+00 3.605563076208712636e-01 -7.833782781828069197e-01
2.850999999999999979e+00 3.860174421498513975e-01 -1.428952190282822832e-01
2.901000000000000245e+00 3.748458295236994919e-01 3.001535304793651049e-01
2.951000000000000068e+00 3.560020891019148870e-01 1.585505247292368081e-01
3.000999999999999890e+00 3.589907770507758111e-01 1.513443528909230729e-01
3.051000000000000156e+00 3.408676538128225797e-01 8.570300602174707461e-01
3.100999999999999979e+00 2.732877710290287365e-01 1.164066284809665675e+00
3.151000000000000245e+00 2.244610253318559956e-01 8.023923539239663505e-01
3.201000000000000068e+00 1.930485356366321015e-01 8.481229454413249380e-01
3.250999999999999890e+00 1.396487307877234962e-01 1.004054122700969831e+00
3.301000000000000156e+00 9.264312336653511559e-02 1.008512575024865132e+00
3.350999999999999979e+00 3.879747328523696498e-02 7.658681901614891041e-01
3.401000000000000245e+00 1.605630435038620657e-02 3.109309252156311487e-01
3.451000000000000068e+00 7.704380763673848373e-03 3.337355647013944271e-01
3.500999999999999890e+00 -1.731725211975324030e-02 5.127332959400698886e-01
3.551000000000000156e+00 -4.356894883033314569e-02 1.261401118734720161e-01
3.600999999999999979e+00 -2.993126330710044192e-02 -2.122783413811011322e-01
3.651000000000000245e+00 -2.234111469222303109e-02 -1.757156389120114182e-01
3.701000000000000068e+00 -1.235969941589929941e-02 3.021405033014915031e-02
3.750999999999999890e+00 -2.536251972523794612e-02 1.811470268105168369e-01
3.801000000000000156e+00 -3.047440209695098309e-02 -1.606828224088459878e-01
3.850999999999999979e+00 -9.294237484353345957e-03 -2.709701925749813389e-01
3.901000000000000245e+00 -3.377382839452850068e-03 7.113272306390937272e-02
3.951000000000000068e+00 -1.640750979074428323e-02 4.730912394771991797e-02
4.001000000000000334e+00 -8.108295234224842385e-03 -2.590045188387713471e-01
4.051000000000000156e+00 9.492942093132851131e-03 -3.168442865195928992e-01
4.101000000000000867e+00 2.357613341773445378e-02 -2.038198997311430061e-01
4.151000000000000689e+00 2.987493206624715347e-02 -1.499931607403880984e-01
4.201000000000000512e+00 3.857544949177326571e-02 -1.829810021508549434e-01
4.251000000000000334e+00 4.817303228133264920e-02 -1.390535599097800223e-01
4.301000000000000156e+00 5.248080548275126794e-02 2.082405625453039033e-02
4.351000000000000867e+00 4.609062665587961016e-02 1.020425905183522386e-01
4.401000000000000689e+00 4.227654643091604408e-02 1.433898993065965688e-02
4.451000000000000512e+00 4.465672766281364447e-02 -1.504968309068911714e-02
4.501000000000000334e+00 4.378151473998495580e-02 6.801042710845424388e-02
4.551000000000000156e+00 3.785568495196822009e-02 1.290185385068553514e-01
4.601000000000000867e+00 3.087966088929941857e-02 1.403086956327964929e-01
4.651000000000000689e+00 2.382481538868857010e-02 8.577239204616174395e-02
4.701000000000000512e+00 2.230242168468324349e-02 6.632443980068042366e-02
4.751000000000000334e+00 1.719237140862052773e-02 1.310248287635804310e-01
4.801000000000001044e+00 9.199938808325199696e-03 1.214555375017058181e-01
4.851000000000000867e+00 5.046817658449945926e-03 7.581799096592832521e-02
4.901000000000000689e+00 1.618139711732366611e-03 4.922935350083521011e-02
4.951000000000000512e+00 1.238823083664252129e-04 1.087357313932441581e-02
5.001000000000000334e+00 5.307823977999249869e-04 -8.138001788669994505e-03
