1.000000000000000021e-03 2.279590529813123680e+02 3.382553005897705134e+01
5.100000000000000366e-02 2.262677764783635155e+02 6.765106011795353425e+01
1.010000000000000064e-01 2.211939469695170146e+02 1.353021202359067843e+02
1.510000000000000231e-01 2.127375644547728371e+02 2.029531803538597501e+02
2.010000000000000120e-01 2.008986289341310396e+02 2.367787104128362330e+02
2.510000000000000009e-01 1.890596934134892138e+02 2.367787104128362330e+02
3.010000000000000453e-01 1.772207578928474163e+02 2.367787104128362330e+02
3.510000000000000342e-01 1.653818223722055905e+02 2.367787104128365172e+02
4.010000000000000231e-01 1.535428868515637646e+02 2.367787104128368014e+02
4.510000000000000120e-01 1.417039513309219103e+02 2.367787104128365172e+02
5.010000000000000009e-01 1.298650158102801129e+02 2.367787104128363751e+02
5.510000000000000453e-01 1.180260802896382728e+02 2.367787104128366593e+02
6.010000000000000897e-01 1.061871447689964469e+02 2.367787104128365172e+02
6.510000000000000231e-01 9.434820924835462108e+01 2.367787104128365172e+02
7.010000000000000675e-01 8.250927372771279522e+01 2.367787104128365172e+02
7.510000000000000009e-01 7.067033820707096936e+01 2.350539509189200373e+02
8.010000000000000453e-01 5.900387863582079007e+01 2.261205955878940301e+02
8.510000000000000897e-01 4.805827864828156493e+01 2.048150210498160106e+02
9.010000000000000231e-01 3.852237653083918900e+01 1.795054244657158904e+02
9.510000000000000675e-01 3.010773620170997589e+01 1.557178511812418265e+02
1.000999999999999890e+00 2.295059141271500636e+01 1.287667935371918873e+02
1.050999999999999934e+00 1.723105684799078574e+01 9.934103245114089020e+01
1.100999999999999979e+00 1.301648816760091698e+01 7.147416969316000745e+01
1.151000000000000023e+00 1.008363987867478428e+01 5.079008120113081048e+01
1.201000000000000068e+00 7.937480047487835755e+00 4.189856665579462458e+01
1.250999999999999890e+00 5.893783213095321827e+00 3.605989988017519465e+01
1.300999999999999934e+00 4.331490059470316289e+00 2.795545146084493382e+01
1.350999999999999979e+00 3.098238067010828267e+00 2.316931395536308003e+01
1.401000000000000023e+00 2.014558663934008287e+00 2.034988280211767275e+01
1.451000000000000068e+00 1.063249786799060903e+00 1.744972782956991608e+01
1.500999999999999890e+00 2.695858809770164677e-01 1.408555525703052069e+01
1.550999999999999934e+00 -3.453057389039912439e-01 1.056389129149575723e+01
1.600999999999999979e+00 -7.868032481725591998e-01 8.216164102291457993e+00
1.651000000000000023e+00 -1.166922149133137188e+00 6.477135793503291161e+00
1.701000000000000068e+00 -1.434516827522888338e+00 3.983358409273831668e+00
1.750999999999999890e+00 -1.565257990060520354e+00 1.886753005849683973e+00
1.800999999999999934e+00 -1.623192128107856735e+00 3.273946198171562294e-01
1.850999999999999979e+00 -1.597997452042235977e+00 -3.212273648793795289e-01
1.901000000000000023e+00 -1.591069391619918783e+00 -8.603023369016726818e-01
1.951000000000000068e+00 -1.511967218352068709e+00 -2.131851206524832953e+00
2.000999999999999890e+00 -1.377884270967435487e+00 -2.744612853302017541e+00
2.051000000000000156e+00 -1.237505933021866955e+00 -2.423633739451285241e+00
2.100999999999999979e+00 -1.135520897022306963e+00 -2.335149817313393328e+00
2.150999999999999801e+00 -1.003990951290527622e+00 -2.926815835548113309e+00
2.201000000000000068e+00 -8.428393134674956322e-01 -3.242524140862113047e+00
2.250999999999999890e+00 -6.797385372043163176e-01 -2.776646926060506448e+00
2.301000000000000156e+00 -5.651746208614449873e-01 -2.460686651072300002e+00
2.350999999999999979e+00 -4.336698720970862952e-01 -2.615028653455970797e+00
2.401000000000000245e+00 -3.036717555158479076e-01 -2.664967912500158853e+00
2.451000000000000068e+00 -1.671730808470703877e-01 -2.226192976792493727e+00
2.500999999999999890e+00 -8.105245783659852099e-02 -1.686334705364076925e+00
2.551000000000000156e+00 1.460389689337329711e-03 -2.086487800145014671e+00
2.600999999999999979e+00 1.275963221779029544e-01 -2.187886406297674835e+00
2.651000000000000245e+00 2.202490303191048382e-01 -1.517971116606817716e+00
2.701000000000000068e+00 2.793934338385847260e-01 -1.009868416947011349e+00
2.750999999999999890e+00 3.212358720138059898e-01 -8.671418165390332167e-01
2.801000000000000156e+00 3.661076154924880477e-01 -8.372108697966157420e-01
2.850999999999999979e+00 4.049569589934675640e-01 -4.109988159923627649e-01
2.901000000000000245e+00 4.072074970917243242e-01 2.763615152754606008e-01
2.951000000000000068e+00 3.773208074659215039e-01 4.257459137387969994e-01
3.000999999999999890e+00 3.646329057178446242e-01 4.189073042645691247e-01
3.051000000000000156e+00 3.354300770394645914e-01 7.403347190872289207e-01
3.100999999999999979e+00 2.905994338091217322e-01 1.091297460664562458e+00
3.151000000000000245e+00 2.263003309730083346e-01 1.175362461169332740e+00
3.201000000000000068e+00 1.730631876921884527e-01 9.923635684051529404e-01
3.250999999999999890e+00 1.270639741324930405e-01 8.973444533870478246e-01
3.301000000000000156e+00 8.332874235348367020e-02 1.055809243714520118e+00
3.350999999999999979e+00 2.148304976104101899e-02 1.132672104780965583e+00
3.401000000000000245e+00 -2.993846812461289225e-02 6.864574272067298644e-01
3.451000000000000068e+00 -4.716269295963197022e-02 2.873522544105102106e-01
3.500999999999999890e+00 -5.867369356566391747e-02 2.715156255787791739e-01
3.551000000000000156e+00 -7.431425551750989178e-02 2.561198565118559256e-01
3.600999999999999979e+00 -8.428567921684951281e-02 1.948166719224500576e-02
3.651000000000000245e+00 -7.626242223673439236e-02 -3.176517356840466433e-01
3.701000000000000068e+00 -5.252050564844484848e-02 -3.835956754956277859e-01
3.750999999999999890e+00 -3.790285468717161099e-02 -1.802325171927292857e-01
3.801000000000000156e+00 -3.449725392917191852e-02 -2.294967517596306072e-01
3.850999999999999979e+00 -1.495317951120854819e-02 -4.046286674072817058e-01
3.901000000000000245e+00 5.965612811556257437e-03 -2.982976139324783338e-01
3.951000000000000068e+00 1.487658188203928693e-02 -9.758330283837046704e-02
4.001000000000000334e+00 1.572394309539330501e-02 7.635158362493937173e-03
4.051000000000000156e+00 1.411306604578989321e-02 -8.578630099747852622e-03
4.101000000000000867e+00 1.658180610536809027e-02 -1.256618365387479966e-02
4.151000000000000689e+00 1.536968441117737318e-02 1.010470186294804285e-01
4.201000000000000512e+00 6.477104242420046731e-03 1.612250657379436236e-01
4.251000000000000334e+00 -7.528221626169907246e-04 6.383333266464370770e-02
4.301000000000000156e+00 9.377097595567539766e-05 2.031661111651994131e-02
4.351000000000000867e+00 -2.784483274268985051e-03 6.799758180032614181e-03
4.401000000000000689e+00 -5.862048420475860638e-04 -2.819863353694662678e-02
4.451000000000000512e+00 3.538007942567773529e-05 -2.634871458170311154e-02
4.501000000000000334e+00 2.048666616122725090e-03 -4.961471886124158709e-02
4.551000000000000156e+00 4.996851965549836336e-03 -3.888856239629780859e-02
4.601000000000000867e+00 5.937522855752505949e-03 -2.998397552179616135e-03
4.651000000000000689e+00 5.296691720767797949e-03 4.754201135044426596e-03
4.701000000000000512e+00 5.462102742248063289e-03 1.846699099611508882e-02
4.751000000000000334e+00 3.449992621156288981e-03 2.531949722587258783e-02
4.801000000000001044e+00 2.930153019660804246e-03 1.385268055765086388e-02
4.851000000000000867e+00 2.064724565391202592e-03 1.258816790957099745e-02
4.901000000000000689e+00 1.671336228703704458e-03 7.214746299485600561e-03
4.951000000000000512e+00 1.343249935442642536e-03 8.394324448330625979e-03
5.001000000000000334e+00 8.319037838706417297e-04 1.022692303144001613e-02
