1.000000000000000021e-03 1.662364778016487321e+02 2.312950710144548339e+01
5.100000000000000366e-02 1.650800024465764579e+02 4.625901420289096677e+01
1.010000000000000064e-01 1.616105763813596354e+02 9.251802840578193354e+01
1.510000000000000231e-01 1.558281996059982646e+02 1.387770426086729003e+02
2.010000000000000120e-01 1.477328721204923454e+02 1.619065497101180995e+02
2.510000000000000009e-01 1.396375446349864546e+02 1.619065497101178153e+02
3.010000000000000453e-01 1.315422171494805639e+02 1.619065497101182416e+02
3.510000000000000342e-01 1.234468896639746305e+02 1.619065497101183837e+02
4.010000000000000231e-01 1.153515621784687255e+02 1.619065497101182416e+02
4.510000000000000120e-01 1.072562346929628063e+02 1.619065497101183837e+02
5.010000000000000009e-01 9.916090720745688714e+01 1.619065497101182416e+02
5.510000000000000453e-01 9.106557972195098216e+01 1.619065497101180995e+02
6.010000000000000897e-01 8.297025223644507719e+01 1.619065497101179574e+02
6.510000000000000231e-01 7.487492475093918642e+01 1.619065497101182416e+02
7.010000000000000675e-01 6.677959726543325303e+01 1.619065497101184405e+02
7.510000000000000009e-01 5.868426977992734095e+01 1.555799499886572335e+02
8.010000000000000453e-01 5.122160226656752968e+01 1.552040258281562046e+02
8.510000000000000897e-01 4.316386719711172049e+01 1.553490596047440988e+02
9.010000000000000231e-01 3.568669630609311838e+01 1.408738287396486157e+02
9.510000000000000675e-01 2.907648432314685749e+01 1.245988225842343411e+02
1.000999999999999890e+00 2.322681404766968427e+01 1.083524330063484342e+02
1.050999999999999934e+00 1.824124102251201407e+01 9.082356174784943903e+01
1.100999999999999979e+00 1.414445787288473966e+01 7.795102759090408995e+01
1.151000000000000023e+00 1.044613826342160401e+01 5.811959685610897708e+01
1.201000000000000068e+00 8.332498187273841950e+00 3.864025601967573920e+01
1.250999999999999890e+00 6.582112661454029734e+00 3.339765708191902149e+01
1.300999999999999934e+00 4.992732479081939623e+00 2.840942359786611604e+01
1.350999999999999979e+00 3.741170301667418041e+00 2.354688406550506841e+01
1.401000000000000023e+00 2.638044072531432693e+00 2.024102630201422670e+01
1.451000000000000068e+00 1.717067671465995593e+00 1.793616030502436232e+01
1.500999999999999890e+00 8.444280420289964617e-01 1.606376042002367299e+01
1.550999999999999934e+00 1.106916294636282050e-01 1.312575517820961224e+01
1.600999999999999979e+00 -4.681474757919648622e-01 1.063610285298690172e+01
1.651000000000000023e+00 -9.529186558350620784e-01 8.976147193146974956e+00
1.701000000000000068e+00 -1.365762195106662302e+00 6.559953215135046811e+00
1.750999999999999890e+00 -1.608913977348566782e+00 4.133645773294341019e+00
1.800999999999999934e+00 -1.779126772436096404e+00 2.240060042240008542e+00
1.850999999999999979e+00 -1.832919981572567636e+00 5.121351349622527138e-01
1.901000000000000023e+00 -1.830340285932321676e+00 -8.568806414485141687e-01
1.951000000000000068e+00 -1.747231917427716219e+00 -2.249313346079038212e+00
2.000999999999999890e+00 -1.605408951324417854e+00 -2.889775786084245457e+00
2.051000000000000156e+00 -1.458254338819291673e+00 -3.040591091490079112e+00
2.100999999999999979e+00 -1.301349842175409943e+00 -3.463734090666461540e+00
2.150999999999999801e+00 -1.111880929752645519e+00 -3.592342243814457881e+00
2.201000000000000068e+00 -9.421156177939641330e-01 -3.380513972253778032e+00
2.250999999999999890e+00 -7.738295325272677161e-01 -3.155734125021585346e+00
2.301000000000000156e+00 -6.265422052918055984e-01 -2.925813806848553078e+00
2.350999999999999979e+00 -4.812481518424123750e-01 -3.114669881111838734e+00
2.401000000000000245e+00 -3.150752171806217028e-01 -2.962989686160189429e+00
2.451000000000000068e+00 -1.849491832263934210e-01 -2.461945462397697959e+00
2.500999999999999890e+00 -6.888067094085190134e-02 -2.275972097205890776e+00
2.551000000000000156e+00 4.264802649419570379e-02 -2.168889864636516229e+00
2.600999999999999979e+00 1.480083155227997493e-01 -2.095905885944636005e+00
2.651000000000000245e+00 2.522386150886593015e-01 -1.794504445821802241e+00
2.701000000000000068e+00 3.274587601049799845e-01 -1.135810085774814793e+00
2.750999999999999890e+00 3.658196236661407919e-01 -8.860795831250806165e-01
2.801000000000000156e+00 4.160667184174880462e-01 -8.892760685842254764e-01
2.850999999999999979e+00 4.547472305245633395e-01 -4.869203013263767588e-01
2.901000000000000245e+00 4.647587485501257221e-01 1.454560394395271183e-01
2.951000000000000068e+00 4.402016265806106277e-01 5.659786915674092089e-01
3.000999999999999890e+00 4.081608793933848012e-01 5.885084041671945210e-01
3.051000000000000156e+00 3.813507861638911756e-01 7.248816591669887677e-01
3.100999999999999979e+00 3.356727134766859244e-01 1.134509312469852427e+00
3.151000000000000245e+00 2.678998549169059329e-01 1.250369831519399400e+00
3.201000000000000068e+00 2.106357303247459734e-01 9.795183752163046931e-01
3.250999999999999890e+00 1.699480173952754580e-01 7.295650915172802176e-01
3.301000000000000156e+00 1.376792211730179516e-01 6.473159312170900792e-01
3.350999999999999979e+00 1.052164242735664501e-01 5.902633299053378080e-01
3.401000000000000245e+00 7.865288818248417080e-02 3.633240375339434336e-01
3.451000000000000068e+00 6.888402052017210397e-02 1.846429626303223159e-01
3.500999999999999890e+00 6.018859191945193782e-02 2.083642645192508580e-01
3.551000000000000156e+00 4.804759406824701817e-02 2.396207264162185935e-01
3.600999999999999979e+00 3.622651927783007708e-02 1.691630888717919889e-01
3.651000000000000245e+00 3.113128518106781858e-02 9.813190547844054257e-02
3.701000000000000068e+00 2.641332872998602282e-02 1.146479066261806706e-01
3.750999999999999890e+00 1.966649451844975152e-02 1.415074249996150502e-01
3.801000000000000156e+00 1.226258623002451746e-02 1.779609276732710410e-01
3.850999999999999979e+00 1.870401751122647421e-03 2.244161851815931752e-01
3.901000000000000245e+00 -1.017903228813480179e-02 1.885645962686391397e-01
3.951000000000000068e+00 -1.698605787574126655e-02 1.314618999071857364e-01
4.001000000000000334e+00 -2.332522227885337751e-02 5.808704600505022048e-02
4.051000000000000156e+00 -2.279476247624628860e-02 3.020674246179889944e-02
4.101000000000000867e+00 -2.634589652503326745e-02 3.833496068294129505e-02
4.151000000000000689e+00 -2.662825854454041810e-02 -1.140295177943376342e-01
4.201000000000000512e+00 -1.494294474559950368e-02 -1.986563476096954994e-01
4.251000000000000334e+00 -6.762623783570865903e-03 -1.037223915751565445e-01
4.301000000000000156e+00 -4.570705588083849406e-03 -5.447625258811771704e-02
4.351000000000000867e+00 -1.314998524759093766e-03 -4.168262860312582641e-02
4.401000000000000689e+00 -4.024427277712665707e-04 -4.415757348224987749e-02
4.451000000000000512e+00 3.100758823465893897e-03 -3.451944343937184828e-02
4.501000000000000334e+00 3.049501616165918236e-03 6.724662921461215664e-03
4.551000000000000156e+00 2.428292531319772331e-03 -2.313505320828583567e-02
4.601000000000000867e+00 5.363006936994501976e-03 -1.256993033237357310e-02
4.651000000000000689e+00 3.685285564557129728e-03 4.432818423556530302e-02
4.701000000000000512e+00 9.301885134379709371e-04 3.196238704427985244e-02
4.751000000000000334e+00 4.890468601291439411e-04 1.718844761853150632e-02
4.801000000000001044e+00 -7.886562484151795867e-04 2.697410154494160606e-02
4.851000000000000867e+00 -2.208363294365016816e-03 1.561161695745476481e-02
4.901000000000000689e+00 -2.349817944160656046e-03 4.188388230328722595e-04
4.951000000000000512e+00 -2.250247176668304042e-03 -2.349817944160655786e-02
5.001000000000000334e+00 -2.710505431213761085e-20 -4.500494353336607911e-02
