1.000000000000000021e-03 1.547606508876884277e+02 2.168930310545139761e+01
5.100000000000000366e-02 1.536867082656056311e+02 4.337860621090279523e+01
1.010000000000000064e-01 1.504648803993572415e+02 8.241935180071497768e+01
1.510000000000000231e-01 1.455247443377764114e+02 1.127843761483467659e+02
2.010000000000000120e-01 1.392958771296962084e+02 1.344736792537981671e+02
2.510000000000000009e-01 1.322078558239497852e+02 1.474872611170688970e+02
3.010000000000000453e-01 1.246902574693702377e+02 1.518251217381590834e+02
3.510000000000000342e-01 1.171726591147907044e+02 1.518251217381590834e+02
4.010000000000000231e-01 1.096550607602111569e+02 1.518251217381590834e+02
4.510000000000000120e-01 1.021374624056316236e+02 1.518251217381590834e+02
5.010000000000000009e-01 9.461986405105207609e+01 1.518251217381593676e+02
5.510000000000000453e-01 8.710226569647251438e+01 1.518251217381593676e+02
6.010000000000000897e-01 7.958466734189296687e+01 1.518251217381592255e+02
6.510000000000000231e-01 7.206706898731341937e+01 1.518251217381590834e+02
7.010000000000000675e-01 6.454947063273388608e+01 1.526783109532148899e+02
7.510000000000000009e-01 5.694738120360990052e+01 1.535315001682707816e+02
8.010000000000000453e-01 4.934529177448592208e+01 1.525568662840121590e+02
8.510000000000000897e-01 4.183972004942485512e+01 1.489589158380597382e+02
9.010000000000000231e-01 3.459393458426539070e+01 1.422719830469486340e+02
9.510000000000000675e-01 2.775056782729039639e+01 1.312514963959605154e+02
1.000999999999999890e+00 2.159613788176640981e+01 1.163210490995883220e+02
1.050999999999999934e+00 1.623132888576482813e+01 9.888366021624808866e+01
1.100999999999999979e+00 1.180371838193558354e+01 8.040429402727454544e+01
1.151000000000000023e+00 8.268915530707401373e+00 6.277476280975161416e+01
1.201000000000000068e+00 5.587152266855031968e+00 4.724476500338038676e+01
1.250999999999999890e+00 3.590280485521157861e+00 3.470698618395559265e+01
1.300999999999999934e+00 2.150129734063706888e+00 2.597793856020176051e+01
1.350999999999999979e+00 1.017692946123751829e+00 2.063952788101884650e+01
1.401000000000000023e+00 1.062034185592463653e-01 1.661749860674018819e+01
1.451000000000000068e+00 -6.279330050110538686e-01 1.336036163890537232e+01
1.500999999999999890e+00 -1.216869226117303526e+00 1.074472291162446247e+01
1.550999999999999934e+00 -1.691979723447369466e+00 8.116724227056337782e+00
1.600999999999999979e+00 -2.020666015414506411e+00 5.302517426081219121e+00
1.651000000000000023e+00 -2.217086449147016580e+00 3.095810987648884627e+00
1.701000000000000068e+00 -2.327243257973557355e+00 1.233067505694307453e+00
1.750999999999999890e+00 -2.339196757978248886e+00 -5.626257465440707151e-01
1.800999999999999934e+00 -2.271526597409856407e+00 -2.085326186374590218e+00
1.850999999999999979e+00 -2.132687525145390950e+00 -3.154976713116000919e+00
1.901000000000000023e+00 -1.959090190631774808e+00 -3.639562758073545012e+00
1.951000000000000068e+00 -1.772262706271612753e+00 -3.892570873767978057e+00
2.000999999999999890e+00 -1.573610053211702331e+00 -4.101179117228754833e+00
2.051000000000000156e+00 -1.366124156464464168e+00 -3.870670461420958386e+00
2.100999999999999979e+00 -1.190298707121282273e+00 -3.333855824065702578e+00
2.150999999999999801e+00 -1.035973404461442815e+00 -2.921107537709799029e+00
2.201000000000000068e+00 -9.010222953175851535e-01 -2.596380142151810677e+00
2.250999999999999890e+00 -7.788546501861713933e-01 -2.232954164401369290e+00
2.301000000000000156e+00 -6.798935076706297265e-01 -1.865372174987162790e+00
2.350999999999999979e+00 -5.941273977681357232e-01 -1.759227148526736118e+00
2.401000000000000245e+00 -5.056777656947444299e-01 -1.963074853884858362e+00
2.451000000000000068e+00 -3.997246780794589394e-01 -2.246600681059075288e+00
2.500999999999999890e+00 -2.831975675565971962e-01 -2.132247000734841968e+00
2.551000000000000156e+00 -1.885688909373808286e-01 -1.803592477837435260e+00
2.600999999999999979e+00 -1.045883401968939613e-01 -1.511991847459604132e+00
2.651000000000000245e+00 -3.883678738994555957e-02 -1.056131009786671626e+00
2.701000000000000068e+00 0.000000000000000000e+00 -3.921731180148471663e-01
2.750999999999999890e+00 0.000000000000000000e+00 -0.000000000000000000e+00
2.801000000000000156e+00 0.000000000000000000e+00 -0.000000000000000000e+00
2.850999999999999979e+00 0.000000000000000000e+00 -0.000000000000000000e+00
2.901000000000000245e+00 0.000000000000000000e+00 -0.000000000000000000e+00
2.951000000000000068e+00 0.000000000000000000e+00 -0.000000000000000000e+00
3.000999999999999890e+00 0.000000000000000000e+00 -0.000000000000000000e+00
3.051000000000000156e+00 0.000000000000000000e+00 -0.000000000000000000e+00
3.100999999999999979e+00 0.000000000000000000e+00 -0.000000000000000000e+00
3.151000000000000245e+00 0.000000000000000000e+00 -0.000000000000000000e+00
3.201000000000000068e+00 0.000000000000000000e+00 -0.000000000000000000e+00
3.250999999999999890e+00 0.000000000000000000e+00 -0.000000000000000000e+00
3.301000000000000156e+00 0.000000000000000000e+00 -0.000000000000000000e+00
3.350999999999999979e+00 0.000000000000000000e+00 -0.000000000000000000e+00
3.401000000000000245e+00 0.000000000000000000e+00 -0.000000000000000000e+00
3.451000000000000068e+00 0.000000000000000000e+00 -0.000000000000000000e+00
3.500999999999999890e+00 0.000000000000000000e+00 -0.000000000000000000e+00
3.551000000000000156e+00 0.000000000000000000e+00 -0.000000000000000000e+00
3.600999999999999979e+00 0.000000000000000000e+00 -0.000000000000000000e+00
3.651000000000000245e+00 0.000000000000000000e+00 -0.000000000000000000e+00
3.701000000000000068e+00 0.000000000000000000e+00 -0.000000000000000000e+00
3.750999999999999890e+00 0.000000000000000000e+00 -0.000000000000000000e+00
3.801000000000000156e+00 0.000000000000000000e+00 -0.000000000000000000e+00
3.850999999999999979e+00 0.000000000000000000e+00 -0.000000000000000000e+00
3.901000000000000245e+00 0.000000000000000000e+00 -0.000000000000000000e+00
3.951000000000000068e+00 0.000000000000000000e+00 -0.000000000000000000e+00
4.001000000000000334e+00 0.000000000000000000e+00 -0.000000000000000000e+00
4.051000000000000156e+00 0.000000000000000000e+00 -0.000000000000000000e+00
4.101000000000000867e+00 0.000000000000000000e+00 -0.000000000000000000e+00
4.151000000000000689e+00 0.000000000000000000e+00 -0.000000000000000000e+00
4.201000000000000512e+00 0.000000000000000000e+00 -0.000000000000000000e+00
4.251000000000000334e+00 0.000000000000000000e+00 -0.000000000000000000e+00
4.301000000000000156e+00 0.000000000000000000e+00 -0.000000000000000000e+00
4.351000000000000867e+00 0.000000000000000000e+00 -0.000000000000000000e+00
4.401000000000000689e+00 0.000000000000000000e+00 -0.000000000000000000e+00
4.451000000000000512e+00 0.000000000000000000e+00 -0.000000000000000000e+00
4.501000000000000334e+00 0.000000000000000000e+00 -0.000000000000000000e+00
4.551000000000000156e+00 0.000000000000000000e+00 -0.000000000000000000e+00
4.601000000000000867e+00 0.000000000000000000e+00 -0.000000000000000000e+00
4.651000000000000689e+00 0.000000000000000000e+00 -0.000000000000000000e+00
4.701000000000000512e+00 0.000000000000000000e+00 -0.000000000000000000e+00
4.751000000000000334e+00 0.000000000000000000e+00 -0.000000000000000000e+00
4.801000000000001044e+00 0.000000000000000000e+00 -0.000000000000000000e+00
4.851000000000000867e+00 0.000000000000000000e+00 -0.000000000000000000e+00
4.901000000000000689e+00 0.000000000000000000e+00 -0.000000000000000000e+00
4.951000000000000512e+00 0.000000000000000000e+00 -0.000000000000000000e+00
5.001000000000000334e+00 0.000000000000000000e+00 -0.000000000000000000e+00
