1.000000000000000021e-03 1.540611691858540269e+02 2.266861483801578103e+01
5.100000000000000366e-02 1.529387360887756415e+02 4.533722967603127074e+01
1.010000000000000064e-01 1.495714367975405139e+02 8.614073638445950110e+01
1.510000000000000231e-01 1.444082445509799584e+02 1.178767971576819349e+02
2.010000000000000120e-01 1.378981325879253177e+02 1.405454119956974353e+02
2.510000000000000009e-01 1.304900741472080199e+02 1.541465808985068406e+02
3.010000000000000453e-01 1.226330424676593225e+02 1.586803038661103074e+02
3.510000000000000342e-01 1.147760107881106393e+02 1.586803038661101652e+02
4.010000000000000231e-01 1.069189791085619561e+02 1.586803038661100231e+02
4.510000000000000120e-01 9.906194742901328709e+01 1.586803038661098810e+02
5.010000000000000009e-01 9.120491574946461810e+01 1.586803038661101652e+02
5.510000000000000453e-01 8.334788406991592069e+01 1.586803038661103074e+02
6.010000000000000897e-01 7.549085239036723749e+01 1.586803038661100231e+02
6.510000000000000231e-01 6.763382071081856850e+01 1.579700556029211214e+02
7.010000000000000675e-01 5.984712470580865329e+01 1.568675652023437692e+02
7.510000000000000009e-01 5.209927232315676093e+01 1.543250136044345595e+02
8.010000000000000453e-01 4.456436444767444982e+01 1.487002552146249457e+02
8.510000000000000897e-01 3.737353021764509009e+01 1.403089735376273381e+02
9.010000000000000231e-01 3.066960847417594849e+01 1.294554079143196645e+02
9.510000000000000675e-01 2.455359962399137430e+01 1.152431755423457673e+02
1.000999999999999890e+00 1.925711103086364773e+01 9.924826180729353098e+01
1.050999999999999934e+00 1.472507373689682098e+01 8.287624768217989413e+01
1.100999999999999979e+00 1.104990083960460545e+01 6.683490709435601218e+01
1.151000000000000023e+00 8.106432739295346579e+00 5.295483986236205709e+01
1.201000000000000068e+00 5.805798777195246174e+00 4.131464367285592232e+01
1.250999999999999890e+00 4.015055848048763032e+00 3.181053396493742724e+01
1.300999999999999934e+00 2.655611047320947549e+00 2.517857252006734825e+01
1.350999999999999979e+00 1.521629290170410265e+00 2.054950034072546217e+01
1.401000000000000023e+00 6.206001323908869605e-01 1.636046782834305446e+01
1.451000000000000068e+00 -9.854297932550273864e-02 1.301206105352712150e+01
1.500999999999999890e+00 -6.679804087712741811e-01 1.031983491534704456e+01
1.550999999999999934e+00 -1.120513165694821067e+00 7.971219021200663946e+00
1.600999999999999979e+00 -1.457367860751957789e+00 5.699638482450122723e+00
1.651000000000000023e+00 -1.684946671649931282e+00 3.701330434645033751e+00
1.701000000000000068e+00 -1.823909514289775879e+00 2.143129595340775850e+00
1.750999999999999890e+00 -1.897180158903381209e+00 8.695774641456671672e-01
1.800999999999999934e+00 -1.910023512273785418e+00 -2.715369184321639873e-01
1.850999999999999979e+00 -1.870289938525574236e+00 -1.204443129205675422e+00
1.901000000000000023e+00 -1.790747866943932287e+00 -1.895046156309988961e+00
1.951000000000000068e+00 -1.682624080551192947e+00 -2.337243495388494630e+00
2.000999999999999890e+00 -1.559291337826350876e+00 -2.664613134399676841e+00
2.051000000000000156e+00 -1.418748233320840768e+00 -2.928218803234706513e+00
2.100999999999999979e+00 -1.269310699509979212e+00 -3.013879884785196861e+00
2.150999999999999801e+00 -1.120284603542409663e+00 -2.974015755562389618e+00
2.201000000000000068e+00 -9.747948026076522776e-01 -2.953088351918574439e+00
2.250999999999999890e+00 -8.278411412068692465e-01 -2.917153305172260680e+00
2.301000000000000156e+00 -6.859099772776230397e-01 -2.773647907406505908e+00
2.350999999999999979e+00 -5.531676127922170449e-01 -2.565441265523688674e+00
2.401000000000000245e+00 -4.318550907650692272e-01 -2.388326005904826133e+00
2.451000000000000068e+00 -3.166523978312262289e-01 -2.267378200534480026e+00
2.500999999999999890e+00 -2.073173010448130793e-01 -1.937426457962684090e+00
2.551000000000000156e+00 -1.247896311723869500e-01 -1.434922723597774619e+00
2.600999999999999979e+00 -6.521732994159581964e-02 -1.027347863464771693e+00
2.651000000000000245e+00 -2.305167740630134632e-02 -6.585633197461685517e-01
2.701000000000000068e+00 0.000000000000000000e+00 -2.327753867262983278e-01
2.750999999999999890e+00 0.000000000000000000e+00 -0.000000000000000000e+00
2.801000000000000156e+00 0.000000000000000000e+00 -0.000000000000000000e+00
2.850999999999999979e+00 0.000000000000000000e+00 -0.000000000000000000e+00
2.901000000000000245e+00 0.000000000000000000e+00 -0.000000000000000000e+00
2.951000000000000068e+00 0.000000000000000000e+00 -0.000000000000000000e+00
3.000999999999999890e+00 0.000000000000000000e+00 -0.000000000000000000e+00
3.051000000000000156e+00 0.000000000000000000e+00 -0.000000000000000000e+00
3.100999999999999979e+00 0.000000000000000000e+00 -0.000000000000000000e+00
3.151000000000000245e+00 0.000000000000000000e+00 -0.000000000000000000e+00
3.201000000000000068e+00 0.000000000000000000e+00 -0.000000000000000000e+00
3.250999999999999890e+00 0.000000000000000000e+00 -0.000000000000000000e+00
3.301000000000000156e+00 0.000000000000000000e+00 -0.000000000000000000e+00
3.350999999999999979e+00 0.000000000000000000e+00 -0.000000000000000000e+00
3.401000000000000245e+00 0.000000000000000000e+00 -0.000000000000000000e+00
3.451000000000000068e+00 0.000000000000000000e+00 -0.000000000000000000e+00
3.500999999999999890e+00 0.000000000000000000e+00 -0.000000000000000000e+00
3.551000000000000156e+00 0.000000000000000000e+00 -0.000000000000000000e+00
3.600999999999999979e+00 0.000000000000000000e+00 -0.000000000000000000e+00
3.651000000000000245e+00 0.000000000000000000e+00 -0.000000000000000000e+00
3.701000000000000068e+00 0.000000000000000000e+00 -0.000000000000000000e+00
3.750999999999999890e+00 0.000000000000000000e+00 -0.000000000000000000e+00
3.801000000000000156e+00 0.000000000000000000e+00 -0.000000000000000000e+00
3.850999999999999979e+00 0.000000000000000000e+00 -0.000000000000000000e+00
3.901000000000000245e+00 0.000000000000000000e+00 -0.000000000000000000e+00
3.951000000000000068e+00 0.000000000000000000e+00 -0.000000000000000000e+00
4.001000000000000334e+00 0.000000000000000000e+00 -0.000000000000000000e+00
4.051000000000000156e+00 0.000000000000000000e+00 -0.000000000000000000e+00
4.101000000000000867e+00 0.000000000000000000e+00 -0.000000000000000000e+00
4.151000000000000689e+00 0.000000000000000000e+00 -0.000000000000000000e+00
4.201000000000000512e+00 0.000000000000000000e+00 -0.000000000000000000e+00
4.251000000000000334e+00 0.000000000000000000e+00 -0.000000000000000000e+00
4.301000000000000156e+00 0.000000000000000000e+00 -0.000000000000000000e+00
4.351000000000000867e+00 0.000000000000000000e+00 -0.000000000000000000e+00
4.401000000000000689e+00 0.000000000000000000e+00 -0.000000000000000000e+00
4.451000000000000512e+00 0.000000000000000000e+00 -0.000000000000000000e+00
4.501000000000000334e+00 0.000000000000000000e+00 -0.000000000000000000e+00
4.551000000000000156e+00 0.000000000000000000e+00 -0.000000000000000000e+00
4.601000000000000867e+00 0.000000000000000000e+00 -0.000000000000000000e+00
4.651000000000000689e+00 0.000000000000000000e+00 -0.000000000000000000e+00
4.701000000000000512e+00 0.000000000000000000e+00 -0.000000000000000000e+00
4.751000000000000334e+00 0.000000000000000000e+00 -0.000000000000000000e+00
4.801000000000001044e+00 0.000000000000000000e+00 -0.000000000000000000e+00
4.851000000000000867e+00 0.000000000000000000e+00 -0.000000000000000000e+00
4.901000000000000689e+00 0.000000000000000000e+00 -0.000000000000000000e+00
4.951000000000000512e+00 0.000000000000000000e+00 -0.000000000000000000e+00
5.001000000000000334e+00 0.000000000000000000e+00 -0.000000000000000000e+00
