1.000000000000000021e-03 1.655365158551598768e+02 2.470113487671203600e+01
5.100000000000000366e-02 1.643134428302248580e+02 4.940226975342378779e+01
1.010000000000000064e-01 1.606442237554198300e+02 9.386431253150510656e+01
1.510000000000000231e-01 1.550180878407187777e+02 1.284459013589020628e+02
2.010000000000000120e-01 1.479242642960956857e+02 1.531470362356141095e+02
2.510000000000000009e-01 1.398519823315245958e+02 1.679677171616406497e+02
3.010000000000000453e-01 1.312904711569795495e+02 1.729079441369831045e+02
3.510000000000000342e-01 1.227289599824344464e+02 1.729079441369833887e+02
4.010000000000000231e-01 1.141674488078893717e+02 1.729079441369833887e+02
4.510000000000000120e-01 1.056059376333442685e+02 1.729079441369833887e+02
5.010000000000000009e-01 9.704442645879919382e+01 1.729079441369832466e+02
5.510000000000000453e-01 8.848291528425410490e+01 1.729079441369833887e+02
6.010000000000000897e-01 7.992140410970901598e+01 1.729079441369832466e+02
6.510000000000000231e-01 7.135989293516394127e+01 1.713015182833067342e+02
7.010000000000000675e-01 6.295746563575224286e+01 1.684501287012597857e+02
7.510000000000000009e-01 5.467832672456987808e+01 1.648324444028969822e+02
8.010000000000000453e-01 4.663415762666535613e+01 1.582743052923650851e+02
8.510000000000000897e-01 3.900446928363685117e+01 1.480950049318327615e+02
9.010000000000000231e-01 3.196835327688128459e+01 1.357483570912938546e+02
9.510000000000000675e-01 2.556134980218020658e+01 1.206191231670148198e+02
1.000999999999999890e+00 2.002347733711413369e+01 1.036013704363567172e+02
1.050999999999999934e+00 1.530173686055208826e+01 8.628692772710175518e+01
1.100999999999999979e+00 1.147850851407975981e+01 6.898006183111277778e+01
1.151000000000000023e+00 8.470661826544265693e+00 5.402091545947714479e+01
1.201000000000000068e+00 6.128833301944211165e+00 4.204560724317205711e+01
1.250999999999999890e+00 4.306897830047167197e+00 3.184540972587184271e+01
1.300999999999999934e+00 2.975191835823714381e+00 2.432219215511324606e+01
1.350999999999999979e+00 1.898278365339813645e+00 1.997264768949276004e+01
1.401000000000000023e+00 9.973064676028571274e-01 1.671667134086284889e+01
1.451000000000000068e+00 2.428313678020888322e-01 1.400544412509941594e+01
1.500999999999999890e+00 -3.896485040728298044e-01 1.169490288082747220e+01
1.550999999999999934e+00 -9.153113907527267168e-01 9.697226027504269652e+00
1.600999999999999979e+00 -1.349961917212411100e+00 7.760323487804861919e+00
1.651000000000000023e+00 -1.683813920703461697e+00 5.731876517787123149e+00
1.701000000000000068e+00 -1.917587946231290363e+00 3.889741414347326565e+00
1.750999999999999890e+00 -2.069013857597540529e+00 2.308514895127788957e+00
1.800999999999999934e+00 -2.146199490598301729e+00 8.152816161128333405e-01
1.850999999999999979e+00 -2.149750953878338144e+00 -5.350134001834720987e-01
1.901000000000000023e+00 -2.093217272493003822e+00 -1.611932239050712701e+00
1.951000000000000068e+00 -1.990121783036900238e+00 -2.386621049759873880e+00
2.000999999999999890e+00 -1.856870898832625016e+00 -2.971134490429620190e+00
2.051000000000000156e+00 -1.695891216964850123e+00 -3.430098522184164000e+00
2.100999999999999979e+00 -1.517189261021872460e+00 -3.658342876066986715e+00
2.150999999999999801e+00 -1.333606608584434250e+00 -3.663151041863403012e+00
2.201000000000000068e+00 -1.154428501410805552e+00 -3.542412568460308719e+00
2.250999999999999890e+00 -9.828025441315628719e-01 -3.383445715537379161e+00
2.301000000000000156e+00 -8.193668771850147747e-01 -3.166335262081455326e+00
2.350999999999999979e+00 -6.692413036232587320e-01 -2.857839303708372025e+00
2.401000000000000245e+00 -5.363558998019342106e-01 -2.558445349047668405e+00
2.451000000000000068e+00 -4.158792206413302051e-01 -2.356130236042328185e+00
2.500999999999999890e+00 -3.030290223673265948e-01 -2.190457451565145597e+00
2.551000000000000156e+00 -1.989588698437600167e-01 -1.853973253606339355e+00
2.600999999999999979e+00 -1.194306017478156401e-01 -1.392905407355841785e+00
2.651000000000000245e+00 -6.101986108759040878e-02 -9.955178002508692225e-01
2.701000000000000068e+00 -2.084476968732856816e-02 -6.161773615123605774e-01
2.750999999999999890e+00 0.000000000000000000e+00 -2.104900758268531680e-01
2.801000000000000156e+00 0.000000000000000000e+00 -0.000000000000000000e+00
2.850999999999999979e+00 0.000000000000000000e+00 -0.000000000000000000e+00
2.901000000000000245e+00 0.000000000000000000e+00 -0.000000000000000000e+00
2.951000000000000068e+00 0.000000000000000000e+00 -0.000000000000000000e+00
3.000999999999999890e+00 0.000000000000000000e+00 -0.000000000000000000e+00
3.051000000000000156e+00 0.000000000000000000e+00 -0.000000000000000000e+00
3.100999999999999979e+00 0.000000000000000000e+00 -0.000000000000000000e+00
3.151000000000000245e+00 0.000000000000000000e+00 -0.000000000000000000e+00
3.201000000000000068e+00 0.000000000000000000e+00 -0.000000000000000000e+00
3.250999999999999890e+00 0.000000000000000000e+00 -0.000000000000000000e+00
3.301000000000000156e+00 0.000000000000000000e+00 -0.000000000000000000e+00
3.350999999999999979e+00 0.000000000000000000e+00 -0.000000000000000000e+00
3.401000000000000245e+00 0.000000000000000000e+00 -0.000000000000000000e+00
3.451000000000000068e+00 0.000000000000000000e+00 -0.000000000000000000e+00
3.500999999999999890e+00 0.000000000000000000e+00 -0.000000000000000000e+00
3.551000000000000156e+00 0.000000000000000000e+00 -0.000000000000000000e+00
3.600999999999999979e+00 0.000000000000000000e+00 -0.000000000000000000e+00
3.651000000000000245e+00 0.000000000000000000e+00 -0.000000000000000000e+00
3.701000000000000068e+00 0.000000000000000000e+00 -0.000000000000000000e+00
3.750999999999999890e+00 0.000000000000000000e+00 -0.000000000000000000e+00
3.801000000000000156e+00 0.000000000000000000e+00 -0.000000000000000000e+00
3.850999999999999979e+00 0.000000000000000000e+00 -0.000000000000000000e+00
3.901000000000000245e+00 0.000000000000000000e+00 -0.000000000000000000e+00
3.951000000000000068e+00 0.000000000000000000e+00 -0.000000000000000000e+00
4.001000000000000334e+00 0.000000000000000000e+00 -0.000000000000000000e+00
4.051000000000000156e+00 0.000000000000000000e+00 -0.000000000000000000e+00
4.101000000000000867e+00 0.000000000000000000e+00 -0.000000000000000000e+00
4.151000000000000689e+00 0.000000000000000000e+00 -0.000000000000000000e+00
4.201000000000000512e+00 0.000000000000000000e+00 -0.000000000000000000e+00
4.251000000000000334e+00 0.000000000000000000e+00 -0.000000000000000000e+00
4.301000000000000156e+00 0.000000000000000000e+00 -0.000000000000000000e+00
4.351000000000000867e+00 0.000000000000000000e+00 -0.000000000000000000e+00
4.401000000000000689e+00 0.000000000000000000e+00 -0.000000000000000000e+00
4.451000000000000512e+00 0.000000000000000000e+00 -0.000000000000000000e+00
4.501000000000000334e+00 0.000000000000000000e+00 -0.000000000000000000e+00
4.551000000000000156e+00 0.000000000000000000e+00 -0.000000000000000000e+00
4.601000000000000867e+00 0.000000000000000000e+00 -0.000000000000000000e+00
4.651000000000000689e+00 0.000000000000000000e+00 -0.000000000000000000e+00
4.701000000000000512e+00 0.000000000000000000e+00 -0.000000000000000000e+00
4.751000000000000334e+00 0.000000000000000000e+00 -0.000000000000000000e+00
4.801000000000001044e+00 0.000000000000000000e+00 -0.000000000000000000e+00
4.851000000000000867e+00 0.000000000000000000e+00 -0.000000000000000000e+00
4.901000000000000689e+00 0.000000000000000000e+00 -0.000000000000000000e+00
4.951000000000000512e+00 0.000000000000000000e+00 -0.000000000000000000e+00
5.001000000000000334e+00 0.000000000000000000e+00 -0.000000000000000000e+00
