1.000000000000000021e-03 2.249964596768319893e+02 4.102563386506766818e+01
4.100000000000000172e-02 2.233550240658906318e+02 8.205126773013462582e+01
8.100000000000000255e-02 2.184307172330666162e+02 1.641025354602692516e+02
1.209999999999999964e-01 2.102235391783598857e+02 2.051281693253368985e+02
1.610000000000000042e-01 2.020163611236531551e+02 2.051281693253368985e+02
2.010000000000000120e-01 1.938091830689464246e+02 2.051281693253368985e+02
2.409999999999999920e-01 1.856020050142396940e+02 2.051281693253365574e+02
2.810000000000000275e-01 1.773948269595329919e+02 2.051281693253365574e+02
3.210000000000000075e-01 1.691876489048262613e+02 2.051281693253368985e+02
3.609999999999999876e-01 1.609804708501195307e+02 2.051281693253372680e+02
4.010000000000000231e-01 1.527732927954127717e+02 2.051281693253368985e+02
4.410000000000000031e-01 1.445661147407060696e+02 2.051281693253365574e+02
4.809999999999999831e-01 1.363589366859993390e+02 2.051281693253368985e+02
5.210000000000000187e-01 1.281517586312926085e+02 2.051281693253365574e+02
5.610000000000000542e-01 1.199445805765859063e+02 2.051281693253365574e+02
6.009999999999999787e-01 1.117374025218791758e+02 2.051281693253368985e+02
6.410000000000000142e-01 1.035302244671724452e+02 2.051281693253368985e+02
6.810000000000000497e-01 9.532304641246571464e+01 2.051281693253367280e+02
7.209999999999999742e-01 8.711586835775899829e+01 2.051281693253367280e+02
7.610000000000000098e-01 7.890869030305226772e+01 2.051281693253367280e+02
8.010000000000000453e-01 7.070151224834555137e+01 2.051281693253367280e+02
8.409999999999999698e-01 6.249433419363882081e+01 2.096973388647020045e+02
8.810000000000000053e-01 5.392153119239209502e+01 2.096973388647018339e+02
9.210000000000000409e-01 4.571435313768537867e+01 1.995977838737494494e+02
9.609999999999999654e-01 3.794971652681466168e+01 1.836334024441499935e+02
1.000999999999999890e+00 3.102000827410449446e+01 1.605155481915888060e+02
1.040999999999999925e+00 2.510526236052372440e+01 1.288715744760860105e+02
1.080999999999999961e+00 2.070770488452809133e+01 9.968641553941003508e+01
1.120999999999999996e+00 1.712835538906013255e+01 7.960194973417550557e+01
1.160999999999999810e+00 1.433795686679936665e+01 6.442937721794895367e+01
1.200999999999999845e+00 1.197271662407985637e+01 5.559098772848269476e+01
1.240999999999999881e+00 9.889566028766180850e+00 4.981061017497655286e+01
1.280999999999999917e+00 7.986871597878232087e+00 4.522946558718213339e+01
1.320999999999999952e+00 6.270304192479866146e+00 4.092190457414174887e+01
1.360999999999999988e+00 4.712300793855408898e+00 3.679520835704861526e+01
1.401000000000000023e+00 3.325951619748835686e+00 3.286405797665114648e+01
1.440999999999999837e+00 2.082518874563783928e+00 2.922593835597318801e+01
1.480999999999999872e+00 9.872920325038611056e-01 2.585484535661685968e+01
1.520999999999999908e+00 1.361414912730268822e-02 2.262442850118361193e+01
1.560999999999999943e+00 -8.231147361608517343e-01 1.948759195577266468e+01
1.600999999999999979e+00 -1.545782959173626070e+00 1.629095349525803371e+01
1.641000000000000014e+00 -2.126716834851399618e+00 1.294818525146716404e+01
1.680999999999999828e+00 -2.581896742996028671e+00 9.718015132312086024e+00
1.720999999999999863e+00 -2.904352405739012877e+00 6.690004999271280006e+00
1.760999999999999899e+00 -3.117230943037716528e+00 4.204377878236616795e+00
1.800999999999999934e+00 -3.240786723555507010e+00 2.295345601084456622e+00
1.840999999999999970e+00 -3.300904498036494772e+00 9.659783944144387791e-01
1.881000000000000005e+00 -3.318084314676550406e+00 2.132846697206715048e-01
1.920999999999999819e+00 -3.317971537307542906e+00 -1.276400904690458971e-01
1.960999999999999854e+00 -3.307870554637217353e+00 -3.649927616026201194e-01
2.000999999999999890e+00 -3.288764816524101242e+00 -3.967148802967403465e-01
2.040999999999999925e+00 -3.276125429915872189e+00 -9.630061673567577585e-02
2.080999999999999961e+00 -3.281058841172912466e+00 1.229016372049074601e-01
2.120999999999999996e+00 -3.285960018925008885e+00 1.450448364217614972e-01
2.161000000000000032e+00 -3.292665328983381823e+00 7.809927761715658445e-02
2.201000000000000068e+00 -3.292209523119933756e+00 -2.030833622961934759e-01
2.241000000000000103e+00 -3.276414598332440420e+00 -7.990265959569302634e-01
2.281000000000000139e+00 -3.228271414911460191e+00 -1.495529572192330736e+00
2.320999999999999730e+00 -3.156742321965610110e+00 -2.015613965400863794e+00
2.360999999999999766e+00 -3.066981985400083044e+00 -2.435380479760054229e+00
2.400999999999999801e+00 -2.961863175975210538e+00 -2.858868470464904110e+00
2.440999999999999837e+00 -2.838215330393481395e+00 -3.288657925129685911e+00
2.480999999999999872e+00 -2.698704768806333032e+00 -3.624286993251136124e+00
2.520999999999999908e+00 -2.548199885193525471e+00 -3.920662626208318624e+00
2.560999999999999943e+00 -2.384973345457143346e+00 -4.135945487516894836e+00
2.600999999999999979e+00 -2.217241527282423519e+00 -4.165304884606496394e+00
2.641000000000000014e+00 -2.051665648590931479e+00 -4.001746297367652083e+00
2.681000000000000050e+00 -1.897021788567063938e+00 -3.744938780565655101e+00
2.721000000000000085e+00 -1.751995647370067744e+00 -3.476648903569769633e+00
2.761000000000000121e+00 -1.618820343303410958e+00 -3.222364631321135597e+00
2.801000000000000156e+00 -1.494142029571750463e+00 -3.015777979185671587e+00
2.840999999999999748e+00 -1.377497789408973494e+00 -2.758550604539903084e+00
2.880999999999999783e+00 -1.273402810196467394e+00 -2.436186220270854630e+00
2.920999999999999819e+00 -1.182554168062899702e+00 -2.107125311789220579e+00
2.960999999999999854e+00 -1.104790642747093932e+00 -1.780217958947038825e+00
3.000999999999999890e+00 -1.040101126987957647e+00 -1.411736465372270821e+00
3.040999999999999925e+00 -9.918234907880048024e-01 -1.078067044017715359e+00
3.080999999999999961e+00 -9.538342021256600578e-01 -8.722565832966123756e-01
3.120999999999999996e+00 -9.220255189926098716e-01 -7.370939385638234365e-01
3.161000000000000032e+00 -8.948519451617829024e-01 -6.183945977179776676e-01
3.201000000000000068e+00 -8.725415832832172924e-01 -5.456188695604594630e-01
3.241000000000000103e+00 -8.511915232195549352e-01 -5.303351799111868381e-01
3.281000000000000139e+00 -8.301041621867241149e-01 -5.377057270454422833e-01
3.321000000000000174e+00 -8.081643109413786386e-01 -5.521155241292008409e-01
3.360999999999999766e+00 -7.859238779459054580e-01 -6.211011936229701158e-01
3.400999999999999801e+00 -7.584637934276685645e-01 -7.534191144377097027e-01
3.440999999999999837e+00 -7.256352804085999253e-01 -8.964154937488217900e-01
3.480999999999999872e+00 -6.867326256178878374e-01 -9.999661489495634825e-01
3.520999999999999908e+00 -6.456179891696558482e-01 -1.091037543715404956e+00
3.560999999999999943e+00 -5.994278013697811325e-01 -1.178996132010747155e+00
3.600999999999999979e+00 -5.512747186861558513e-01 -1.235545123119078825e+00
3.641000000000000014e+00 -5.005594806177924294e-01 -1.301090164872956256e+00
3.681000000000000050e+00 -4.471614836930218884e-01 -1.402676996162217860e+00
3.721000000000000085e+00 -3.883172673848917511e-01 -1.521677873009827708e+00
3.761000000000000121e+00 -3.253968202947754573e-01 -1.649102250945102099e+00
3.801000000000000156e+00 -2.563561052642646665e-01 -1.757850601875599050e+00
3.840999999999999748e+00 -1.847336151326900155e-01 -1.708343146079700281e+00
3.880999999999999783e+00 -1.196544867149670205e-01 -1.464351834545258413e+00
3.920999999999999819e+00 -6.755618133237842327e-02 -1.137455792722084302e+00
3.960999999999999854e+00 -2.863527418134583641e-02 -8.442412063531419264e-01
4.001000000000000334e+00 8.673617379884035472e-19 -7.157029288014454815e-01
