1.000000000000000021e-03 2.282571469070997523e+02 4.139083511435450191e+01
4.100000000000000172e-02 2.266010995941744284e+02 8.278167022870900382e+01
8.100000000000000255e-02 2.216329576553984566e+02 1.655633404574180076e+02
1.209999999999999964e-01 2.133527210907718370e+02 2.069541755717728790e+02
1.610000000000000042e-01 2.050724845261451890e+02 2.069541755717728790e+02
2.010000000000000120e-01 1.967922479615185694e+02 2.069541755717728790e+02
2.409999999999999920e-01 1.885120113968919213e+02 2.069541755717735896e+02
2.810000000000000275e-01 1.802317748322652449e+02 2.069541755717732485e+02
3.210000000000000075e-01 1.719515382676386253e+02 2.069541755717728790e+02
3.609999999999999876e-01 1.636713017030119772e+02 2.069541755717728790e+02
4.010000000000000231e-01 1.553910651383853576e+02 2.069541755717728790e+02
4.410000000000000031e-01 1.471108285737587096e+02 2.069541755717728790e+02
4.809999999999999831e-01 1.388305920091320900e+02 2.069541755717728790e+02
5.210000000000000187e-01 1.305503554445054419e+02 2.069541755717730496e+02
5.610000000000000542e-01 1.222701188798788081e+02 2.069541755717728790e+02
6.009999999999999787e-01 1.139898823152521743e+02 2.069541755717730496e+02
6.410000000000000142e-01 1.057096457506255263e+02 2.069541755717730496e+02
6.810000000000000497e-01 9.742940918599889244e+01 2.069541755717728790e+02
7.209999999999999742e-01 8.914917262137225862e+01 2.069541755717728790e+02
7.610000000000000098e-01 8.086893605674562480e+01 2.069541755717728790e+02
8.010000000000000453e-01 7.258869949211899097e+01 2.069541755717728790e+02
8.409999999999999698e-01 6.430846292749235715e+01 2.102372006137238429e+02
8.810000000000000053e-01 5.576551869900880831e+01 2.102372006137237292e+02
9.210000000000000409e-01 4.748528213438218160e+01 1.996720319298145796e+02
9.609999999999999654e-01 3.978776270398504522e+01 1.813901373316092531e+02
1.000999999999999890e+00 3.297044334510680841e+01 1.574533427748823726e+02
1.040999999999999925e+00 2.718834621513895655e+01 1.268367812615507262e+02
1.080999999999999961e+00 2.282096410855751856e+01 9.745875941714973578e+01
1.120999999999999996e+00 1.938969628657863353e+01 7.749969410615456411e+01
1.160999999999999810e+00 1.661943858618302983e+01 6.436454199932842357e+01
1.200999999999999845e+00 1.423924563579237201e+01 5.625326359241397967e+01
1.240999999999999881e+00 1.211805243351806283e+01 5.078201477252031282e+01
1.280999999999999917e+00 1.017566881369529597e+01 4.637889090448154406e+01
1.320999999999999952e+00 8.406813583341449458e+00 4.214610010610122259e+01
1.360999999999999988e+00 6.803137883205075731e+00 3.808773826805467166e+01
1.401000000000000023e+00 5.359032767131714614e+00 3.400773992079133023e+01
1.440999999999999837e+00 4.081838534743353009e+00 3.005438396963035785e+01
1.480999999999999872e+00 2.954080961881893064e+00 2.653777550664850793e+01
1.520999999999999908e+00 1.958285738701339262e+00 2.338981090978675681e+01
1.560999999999999943e+00 1.082428292880756704e+00 2.030690520444196423e+01
1.600999999999999979e+00 3.333271842418930042e-01 1.733897586633743515e+01
1.641000000000000014e+00 -3.050365559435650464e-01 1.459561335657580727e+01
1.680999999999999828e+00 -8.346137965513030776e-01 1.205323290913414880e+01
1.720999999999999863e+00 -1.269536253332479658e+00 9.859524230372951337e+00
1.760999999999999899e+00 -1.623572925465746719e+00 8.069819596084968794e+00
1.800999999999999934e+00 -1.915283217411198891e+00 6.562791923677538719e+00
1.840999999999999970e+00 -2.148727535198423411e+00 5.232182083243051451e+00
1.881000000000000005e+00 -2.333962427712307885e+00 4.023986718897410775e+00
1.920999999999999819e+00 -2.470726952444594282e+00 2.850973750607300516e+00
1.960999999999999854e+00 -2.562097347235904099e+00 1.773727537250811892e+00
2.000999999999999890e+00 -2.612660629975404269e+00 8.232426212211614303e-01
2.040999999999999925e+00 -2.627973221786021440e+00 -8.245157277772873633e-03
2.080999999999999961e+00 -2.612000852490036884e+00 -6.570718444313540241e-01
2.120999999999999996e+00 -2.575394332794624486e+00 -1.079863276060728516e+00
2.161000000000000032e+00 -2.525590193139657380e+00 -1.389027274270165258e+00
2.201000000000000068e+00 -2.464244370307525855e+00 -1.600991892364207692e+00
2.241000000000000103e+00 -2.397478821912673475e+00 -1.722067951197574276e+00
2.281000000000000139e+00 -2.326444492852695944e+00 -1.856818422636769883e+00
2.320999999999999730e+00 -2.248896211733279138e+00 -2.051349933326044539e+00
2.360999999999999766e+00 -2.162295471187945850e+00 -2.248153722034710977e+00
2.400999999999999801e+00 -2.068998950896061562e+00 -2.459258789361874253e+00
2.440999999999999837e+00 -1.965505582863208645e+00 -2.671455967773858298e+00
2.480999999999999872e+00 -1.855229044354797407e+00 -2.811923738370363246e+00
2.520999999999999908e+00 -1.740495445318812173e+00 -2.908634174480992041e+00
2.560999999999999943e+00 -1.622480137712828396e+00 -2.989723246633749998e+00
2.600999999999999979e+00 -1.501257791123179475e+00 -2.994576990736773858e+00
2.641000000000000014e+00 -1.382854086914071745e+00 -2.914849702057329850e+00
2.681000000000000050e+00 -1.268011517964551915e+00 -2.798897615591054322e+00
2.721000000000000085e+00 -1.158886299714475543e+00 -2.622986342203120991e+00
2.761000000000000121e+00 -1.058120150861458164e+00 -2.373717476446675967e+00
2.801000000000000156e+00 -9.689414272492125058e-01 -2.122962327639041025e+00
2.840999999999999748e+00 -8.882407054037820826e-01 -1.898066467540806102e+00
2.880999999999999783e+00 -8.170581485165971936e-01 -1.677030905787822768e+00
2.920999999999999819e+00 -7.540446923226404863e-01 -1.477754965098958762e+00
2.960999999999999854e+00 -6.988081962093785071e-01 -1.311207467790218129e+00
3.000999999999999890e+00 -6.491218707500672203e-01 -1.144127315935782541e+00
3.040999999999999925e+00 -6.072551283881971740e-01 -9.752843832383515377e-01
3.080999999999999961e+00 -5.710796144033343236e-01 -8.482191586054690369e-01
3.120999999999999996e+00 -5.393806313165875332e-01 -7.394514481850380516e-01
3.161000000000000032e+00 -5.119087095195675730e-01 -6.289228822814858511e-01
3.201000000000000068e+00 -4.890542222764230340e-01 -5.433767817899126662e-01
3.241000000000000103e+00 -4.684276994407387540e-01 -4.951816216749036492e-01
3.281000000000000139e+00 -4.494297889099972410e-01 -4.612075865624900017e-01
3.321000000000000174e+00 -4.315218683640082986e-01 -4.419012789111955164e-01
3.360999999999999766e+00 -4.140688485715233735e-01 -4.475463233839946930e-01
3.400999999999999801e+00 -3.957092115668210397e-01 -4.705351618086557886e-01
3.440999999999999837e+00 -3.764166249235947337e-01 -5.014256894338547932e-01
3.480999999999999872e+00 -3.555851278983239716e-01 -5.371833722745984474e-01
3.520999999999999908e+00 -3.334312114741813660e-01 -5.750481315156568130e-01
3.560999999999999943e+00 -3.095697764144411113e-01 -6.206501738815382030e-01
3.600999999999999979e+00 -2.837667845601806738e-01 -6.704520397909864426e-01
3.641000000000000014e+00 -2.559202041903663738e-01 -7.242377817342876556e-01
3.681000000000000050e+00 -2.258132772658029697e-01 -7.805163153466987414e-01
3.721000000000000085e+00 -1.934632886363235327e-01 -8.283554285198228007e-01
3.761000000000000121e+00 -1.595282758756467467e-01 -8.713688448677918696e-01
3.801000000000000156e+00 -1.237363536700028244e-01 -8.942444773696989202e-01
3.840999999999999748e+00 -8.797083279652342935e-02 -8.424318269294103212e-01
3.880999999999999783e+00 -5.632495887911140309e-02 -7.074470653060117575e-01
3.920999999999999819e+00 -3.136091863073636743e-02 -5.407515706006561507e-01
3.960999999999999854e+00 -1.305401819964690027e-02 -3.919135045080775481e-01
4.001000000000000334e+00 0.000000000000000000e+00 -3.262688877692301870e-01
