1.000000000000000021e-03 2.152349593684174920e+02 3.900316744287867721e+01
4.100000000000000172e-02 2.136744426390279159e+02 7.800633488575557806e+01
8.100000000000000255e-02 2.089928924508593298e+02 1.560126697715111561e+02
1.209999999999999964e-01 2.011903088039115914e+02 1.950158372143894780e+02
1.610000000000000042e-01 1.933877251569638815e+02 1.950158372143894780e+02
2.010000000000000120e-01 1.855851415100161432e+02 1.950158372143894780e+02
2.409999999999999920e-01 1.777825578630684333e+02 1.950158372143894780e+02
2.810000000000000275e-01 1.699799742161206950e+02 1.950158372143894780e+02
3.210000000000000075e-01 1.621773905691729851e+02 1.950158372143887675e+02
3.609999999999999876e-01 1.543748069222253037e+02 1.950158372143887675e+02
4.010000000000000231e-01 1.465722232752775938e+02 1.950158372143894780e+02
4.410000000000000031e-01 1.387696396283298554e+02 1.950158372143894780e+02
4.809999999999999831e-01 1.309670559813821455e+02 1.950158372143889665e+02
5.210000000000000187e-01 1.231644723344344499e+02 1.950158372143891370e+02
5.610000000000000542e-01 1.153618886874867258e+02 1.950158372143893075e+02
6.009999999999999787e-01 1.075593050405390159e+02 1.950158372143891370e+02
6.410000000000000142e-01 9.975672139359130597e+01 1.950158372143891370e+02
6.810000000000000497e-01 9.195413774664359607e+01 1.950158372143893075e+02
7.209999999999999742e-01 8.415155409969587197e+01 1.950158372143894780e+02
7.610000000000000098e-01 7.634897045274814786e+01 1.950158372143891370e+02
8.010000000000000453e-01 6.854638680580045218e+01 1.950158372143891370e+02
8.409999999999999698e-01 6.074380315885272807e+01 1.981771071138548734e+02
8.810000000000000053e-01 5.268825469454978361e+01 1.981771071138546176e+02
9.210000000000000409e-01 4.488567104760208082e+01 1.883319120850897832e+02
9.609999999999999654e-01 3.761793508950089659e+01 1.719020171535288739e+02
1.000999999999999890e+00 3.113007163497669794e+01 1.504134219161882982e+02
1.040999999999999925e+00 2.558185306776750778e+01 1.220578724210923838e+02
1.080999999999999961e+00 2.136300068384088391e+01 9.442950081783493488e+01
1.120999999999999996e+00 1.802560441232435551e+01 7.544747111913694937e+01
1.160999999999999810e+00 1.532569404488754472e+01 6.214910673529489316e+01
1.200999999999999845e+00 1.305243289136605789e+01 5.300623842631829064e+01
1.240999999999999881e+00 1.108413484601355492e+01 4.673647430645672785e+01
1.280999999999999917e+00 9.312580217363390034e+00 4.230116338430836009e+01
1.320999999999999952e+00 7.699195752001199544e+00 3.841897445779344622e+01
1.360999999999999988e+00 6.238293881250758233e+00 3.476528273690938420e+01
1.401000000000000023e+00 4.917277827393710332e+00 3.141545309454940949e+01
1.440999999999999837e+00 3.724429324624914273e+00 2.840958548145432516e+01
1.480999999999999872e+00 2.643942797167734948e+00 2.560929591175938569e+01
1.520999999999999908e+00 1.675173465765928293e+00 2.305001994461435544e+01
1.560999999999999943e+00 7.994802011996939850e-01 2.076552299535055113e+01
1.600999999999999979e+00 1.351631567797684230e-02 1.861449462716869974e+01
1.641000000000000014e+00 -6.900516588663454520e-01 1.643346872838977291e+01
1.680999999999999828e+00 -1.301489851967772893e+00 1.417190108244671620e+01
1.720999999999999863e+00 -1.824087183483731778e+00 1.195363505801024750e+01
1.760999999999999899e+00 -2.258019729309753032e+00 9.787962281480577786e+00
1.800999999999999934e+00 -2.607319925247807646e+00 7.736654952924809869e+00
1.840999999999999970e+00 -2.877106858642796361e+00 5.890534424557177573e+00
1.881000000000000005e+00 -3.078680489900873063e+00 4.290328664324229990e+00
1.920999999999999819e+00 -3.220418958362021300e+00 2.880043878254977319e+00
1.960999999999999854e+00 -3.309141601038836367e+00 1.618168648183488711e+00
2.000999999999999890e+00 -3.349904813589664077e+00 4.747923230257323768e-01
2.040999999999999925e+00 -3.347134482727355476e+00 -4.379171728963084931e-01
2.080999999999999961e+00 -3.314862681414501466e+00 -1.082033246401742366e+00
2.120999999999999996e+00 -3.260550182350288040e+00 -1.643089136395908145e+00
2.161000000000000032e+00 -3.183382688720100884e+00 -2.131151261425477283e+00
2.201000000000000068e+00 -3.090015458411021321e+00 -2.401677279362068873e+00
2.241000000000000103e+00 -2.991200472825548129e+00 -2.562551593168826081e+00
2.281000000000000139e+00 -2.884960079925651844e+00 -2.750713935719649950e+00
2.320999999999999730e+00 -2.771088343689261713e+00 -2.867674705248453026e+00
2.360999999999999766e+00 -2.655488750011670618e+00 -2.892202631984020389e+00
2.400999999999999801e+00 -2.539654289077900362e+00 -2.931429868162037433e+00
2.440999999999999837e+00 -2.420915731961344353e+00 -3.034294649998394267e+00
2.480999999999999872e+00 -2.296850031185028840e+00 -3.209309349039632053e+00
2.520999999999999908e+00 -2.164106797851192976e+00 -3.398386896986436589e+00
2.560999999999999943e+00 -2.024911111688174170e+00 -3.541374099530138153e+00
2.600999999999999979e+00 -1.880726042406791310e+00 -3.629647474295381482e+00
2.641000000000000014e+00 -1.734466720795057704e+00 -3.659245469634819337e+00
2.681000000000000050e+00 -1.587913219926613051e+00 -3.582660274203131046e+00
2.721000000000000085e+00 -1.447782245653323141e+00 -3.419989461249337115e+00
2.761000000000000121e+00 -1.314245663237441075e+00 -3.236295127491121359e+00
2.801000000000000156e+00 -1.188813909551483583e+00 -3.012009497768961541e+00
2.840999999999999748e+00 -1.073224663225968767e+00 -2.728408232241940290e+00
2.880999999999999783e+00 -9.704866828074835139e-01 -2.418221706070190269e+00
2.920999999999999819e+00 -8.797185623062321325e-01 -2.122787380005064062e+00
2.960999999999999854e+00 -8.006212366594782637e-01 -1.812775701709248732e+00
3.000999999999999890e+00 -7.346602506554580359e-01 -1.512324908159266679e+00
3.040999999999999925e+00 -6.796049975085737271e-01 -1.263832559777974707e+00
3.080999999999999961e+00 -6.335283692220244900e-01 -1.065233480153923162e+00
3.120999999999999996e+00 -5.943650144266567903e-01 -8.914599929209268137e-01
3.161000000000000032e+00 -5.621937405884919192e-01 -7.556486134912766550e-01
3.201000000000000068e+00 -5.338980123750848295e-01 -6.921994955925926396e-01
3.241000000000000103e+00 -5.068039369511726511e-01 -6.644024717857432982e-01
3.281000000000000139e+00 -4.807325265827896432e-01 -6.461489220067845318e-01
3.321000000000000174e+00 -4.550991002121897444e-01 -6.406370896841757645e-01
3.360999999999999766e+00 -4.294687466662618913e-01 -6.599138486268800730e-01
3.400999999999999801e+00 -4.022927940450667927e-01 -6.731721309067263403e-01
3.440999999999999837e+00 -3.756015127511056484e-01 -6.800292443911286622e-01
3.480999999999999872e+00 -3.478768539088886724e-01 -6.971701905220943907e-01
3.520999999999999908e+00 -3.198139541055276536e-01 -7.064501594721818156e-01
3.560999999999999943e+00 -2.913467121479246802e-01 -7.030096435710481151e-01
3.600999999999999979e+00 -2.635591224269723809e-01 -6.961317060236359433e-01
3.641000000000000014e+00 -2.356422530319133291e-01 -6.971150368712024648e-01
3.681000000000000050e+00 -2.077759771765387564e-01 -7.078324883873853279e-01
3.721000000000000085e+00 -1.790014973111547503e-01 -7.346694406415060774e-01
3.761000000000000121e+00 -1.489877285364054338e-01 -7.776389969208766795e-01
3.801000000000000156e+00 -1.167748247775461934e-01 -8.113049831578746929e-01
3.840999999999999748e+00 -8.406710378411229312e-02 -7.784801963902451272e-01
3.880999999999999783e+00 -5.448083946239876824e-02 -6.663046003907949766e-01
3.920999999999999819e+00 -3.074940966084086999e-02 -5.180361401547678435e-01
3.960999999999999854e+00 -1.302758752721424121e-02 -3.842715528722927543e-01
4.001000000000000334e+00 0.000000000000000000e+00 -3.256082861088288039e-01
