1.000000000000000021e-03 1.512303600426578498e+02 2.671542215479902893e+01
4.100000000000000172e-02 1.501617431564658887e+02 4.808775987863747048e+01
8.100000000000000255e-02 1.473833392523668522e+02 8.548935089535518728e+01
1.209999999999999964e-01 1.433225950848374737e+02 1.122047730501538609e+02
1.610000000000000042e-01 1.384069574083545433e+02 1.282340263430331220e+02
2.010000000000000120e-01 1.330638729773948228e+02 1.335771107739928425e+02
2.409999999999999920e-01 1.277207885464351165e+02 1.335771107739928425e+02
2.810000000000000275e-01 1.223777041154753960e+02 1.335771107739926435e+02
3.210000000000000075e-01 1.170346196845157039e+02 1.335771107739924730e+02
3.609999999999999876e-01 1.116915352535559975e+02 1.335771107739928425e+02
4.010000000000000231e-01 1.063484508225962770e+02 1.335771107739930130e+02
4.410000000000000031e-01 1.010053663916365565e+02 1.335771107739928425e+02
4.809999999999999831e-01 9.566228196067685019e+01 1.335771107739928425e+02
5.210000000000000187e-01 9.031919752971712967e+01 1.335771107739930130e+02
5.610000000000000542e-01 8.497611309875740915e+01 1.335771107739928425e+02
6.009999999999999787e-01 7.963302866779770284e+01 1.335771107739926435e+02
6.410000000000000142e-01 7.428994423683799653e+01 1.335771107739928425e+02
6.810000000000000497e-01 6.894685980587827601e+01 1.335771107739929278e+02
7.209999999999999742e-01 6.360377537491856259e+01 1.335771107739928425e+02
7.610000000000000098e-01 5.826069094395884918e+01 1.335771107739929278e+02
8.010000000000000453e-01 5.291760651299912865e+01 1.336385890164962973e+02
8.409999999999999698e-01 4.756960382263914511e+01 1.337000672589996668e+02
8.810000000000000053e-01 4.222160113227915446e+01 1.330809139326422610e+02
9.210000000000000409e-01 3.692313070802776309e+01 1.310995532168407749e+02
9.609999999999999654e-01 3.173363687493189289e+01 1.270528916950506328e+02
1.000999999999999890e+00 2.675889937242371275e+01 1.198162631826118059e+02
1.040999999999999925e+00 2.214833582032294856e+01 1.089379187589947264e+02
1.080999999999999961e+00 1.804386587170413492e+01 9.572175837607996129e+01
1.120999999999999996e+00 1.449059515023655109e+01 8.153453485453032101e+01
1.160999999999999810e+00 1.152110308334170874e+01 6.752252588402632227e+01
1.200999999999999845e+00 9.088793079514445594e+00 5.553499203880218715e+01
1.240999999999999881e+00 7.078303720237533625e+00 4.650744892022640897e+01
1.280999999999999917e+00 5.368197165896332557e+00 3.961231374599078237e+01
1.320999999999999952e+00 3.909318620558270840e+00 3.397890329860231162e+01
1.360999999999999988e+00 2.649884902008147414e+00 2.944061014570664625e+01
1.401000000000000023e+00 1.554069808901738847e+00 2.539666128783945709e+01
1.440999999999999837e+00 6.181519989809909355e-01 2.143458395851737919e+01
1.480999999999999872e+00 -1.606969077796514267e-01 1.792592955990103931e+01
1.520999999999999908e+00 -8.159223658110920097e-01 1.516004605075948675e+01
1.560999999999999943e+00 -1.373500591840410401e+00 1.268289008949862229e+01
1.600999999999999979e+00 -1.830553572970981868e+00 1.020052111030997821e+01
1.641000000000000014e+00 -2.189542280665208729e+00 7.777884139173174560e+00
1.680999999999999828e+00 -2.452784304104835833e+00 5.314734773960827496e+00
1.720999999999999863e+00 -2.614721062582074929e+00 2.787827810203008294e+00
1.760999999999999899e+00 -2.675810528921076514e+00 5.751912344908349795e-01
1.800999999999999934e+00 -2.660736361341341727e+00 -1.069868822619546300e+00
1.840999999999999970e+00 -2.590221023111512810e+00 -2.179932078267021733e+00
1.881000000000000005e+00 -2.486341795079979988e+00 -2.822575004987937231e+00
1.920999999999999819e+00 -2.364415022712477832e+00 -3.056124173375807107e+00
1.960999999999999854e+00 -2.241851861209915420e+00 -3.037923487017307522e+00
2.000999999999999890e+00 -2.121381143751093212e+00 -2.897260649777599895e+00
2.040999999999999925e+00 -2.010071009227707428e+00 -2.675812797551085698e+00
2.080999999999999961e+00 -1.907316119947006339e+00 -2.393914981616837689e+00
2.120999999999999996e+00 -1.818557810698360422e+00 -2.061760794961689403e+00
2.161000000000000032e+00 -1.742375256350071178e+00 -1.760549058145413515e+00
2.201000000000000068e+00 -1.677713886046727332e+00 -1.564812397353246176e+00
2.241000000000000103e+00 -1.617190264561811475e+00 -1.514657754458426098e+00
2.281000000000000139e+00 -1.556541265690053244e+00 -1.572669445292979029e+00
2.320999999999999730e+00 -1.491376708938373152e+00 -1.758778986624739860e+00
2.360999999999999766e+00 -1.415838946760074046e+00 -2.060720019058104313e+00
2.400999999999999801e+00 -1.326519107413724807e+00 -2.362345419025293936e+00
2.440999999999999837e+00 -1.226851313238050523e+00 -2.585616976991544913e+00
2.480999999999999872e+00 -1.119669749254401214e+00 -2.730535829573277340e+00
2.520999999999999908e+00 -1.008408446872188335e+00 -2.791289341281170788e+00
2.560999999999999943e+00 -8.963666019519075379e-01 -2.768112188096012449e+00
2.600999999999999979e+00 -7.869594718245073173e-01 -2.749285927786654149e+00
2.641000000000000014e+00 -6.764237277289751882e-01 -2.722921843313401258e+00
2.681000000000000050e+00 -5.691257243594352033e-01 -2.648073435861480807e+00
2.721000000000000085e+00 -4.645778528600567059e-01 -2.537722127200825906e+00
2.761000000000000121e+00 -3.661079541833691109e-01 -2.339271891004179871e+00
2.801000000000000156e+00 -2.774361015797223162e-01 -1.964329189191700520e+00
2.840999999999999748e+00 -2.089616190480330649e-01 -1.483059981110911307e+00
2.880999999999999783e+00 -1.587913030908494061e-01 -1.019683786725135821e+00
2.920999999999999819e+00 -1.273869161100222025e-01 -5.673696441029795201e-01
2.960999999999999854e+00 -1.134017315626110467e-01 -1.450607657832635178e-01
3.000999999999999890e+00 -1.157820548473611211e-01 1.474777654016819761e-01
3.040999999999999925e+00 -1.251999527947456059e-01 3.179668886330651034e-01
3.080999999999999961e+00 -1.412194059380063316e-01 4.722966844418672316e-01
3.120999999999999996e+00 -1.629836875500949855e-01 6.010757187131273716e-01
3.161000000000000032e+00 -1.893054634350565257e-01 6.414029944899239943e-01
3.201000000000000068e+00 -2.142959271092889084e-01 6.285271293281001759e-01
3.241000000000000103e+00 -2.395876337813045431e-01 5.975307715392779162e-01
3.281000000000000139e+00 -2.620983888324311395e-01 4.885931589373858075e-01
3.321000000000000174e+00 -2.786750864962954100e-01 3.182623006579197722e-01
3.360999999999999766e+00 -2.875593728850647235e-01 1.614100121372134822e-01
3.400999999999999801e+00 -2.915878874672724885e-01 2.694387960969005236e-02
3.440999999999999837e+00 -2.897148832538399277e-01 -1.245189357183255907e-01
3.480999999999999872e+00 -2.816263726098064413e-01 -2.633193941286957052e-01
3.520999999999999908e+00 -2.686493317235442713e-01 -3.741984714107776666e-01
3.560999999999999943e+00 -2.516904948969442279e-01 -4.723419644840919918e-01
3.600999999999999979e+00 -2.308619745648169130e-01 -5.547110959925136697e-01
3.641000000000000014e+00 -2.073136072175431333e-01 -6.022619907173371034e-01
3.681000000000000050e+00 -1.826810153074299448e-01 -6.295738290562024053e-01
3.721000000000000085e+00 -1.569477008930469375e-01 -6.530413269695941603e-01
3.761000000000000121e+00 -1.304377091498624130e-01 -6.639987052892281083e-01
3.801000000000000156e+00 -1.038278044699086911e-01 -6.535650790755768158e-01
3.840999999999999748e+00 -7.815250282381626390e-02 -6.197379026771248078e-01
3.880999999999999783e+00 -5.424877225573870865e-02 -5.591470034879150175e-01
3.920999999999999819e+00 -3.342074254478306222e-02 -4.809007756117926746e-01
3.960999999999999854e+00 -1.577671020679529551e-02 -4.177592818097882743e-01
4.001000000000000334e+00 0.000000000000000000e+00 -3.944177551698823669e-01
