0.000000000000000000e+00 4.852618333162422459e+02 4.233393798413153775e+01
3.173325912716962877e-02 4.839184394923182708e+02 8.466787596826128492e+01
6.346651825433925753e-02 4.798882580205464592e+02 1.693357519365234509e+02
9.519977738150889324e-02 4.731712889009266405e+02 2.540036279047856453e+02
1.269330365086785151e-01 4.637675321334589853e+02 2.963375658889144688e+02
1.586662956358481369e-01 4.543637753659913869e+02 2.963375658889144688e+02
1.903995547630177865e-01 4.449600185985237317e+02 2.963375658889153783e+02
2.221328138901874083e-01 4.355562618310560765e+02 2.963375658889153783e+02
2.538660730173570301e-01 4.261525050635884213e+02 2.963375658889162878e+02
2.855993321445266520e-01 4.167487482961207093e+02 2.963375658889162878e+02
3.173325912716962738e-01 4.073449915286530540e+02 2.963375658889153783e+02
3.490658503988658956e-01 3.979412347611853988e+02 2.963375658889153783e+02
3.807991095260355729e-01 3.885374779937177436e+02 2.963375658889153783e+02
4.125323686532051948e-01 3.791337212262500884e+02 2.963375658889153783e+02
4.442656277803748166e-01 3.697299644587824332e+02 2.963375658889144688e+02
4.759988869075444384e-01 3.603262076913148348e+02 2.963375658889153783e+02
5.077321460347140603e-01 3.509224509238471228e+02 2.963375658889162878e+02
5.394654051618836821e-01 3.415186941563794676e+02 2.963375658889153783e+02
5.711986642890533039e-01 3.321149373889118124e+02 2.963375658889144688e+02
6.029319234162229257e-01 3.227111806214442140e+02 2.963375658889153783e+02
6.346651825433925476e-01 3.133074238539765020e+02 2.963375658889171973e+02
6.663984416705621694e-01 3.039036670865087899e+02 2.963375658889162878e+02
6.981317007977317912e-01 2.944999103190411347e+02 2.963375658889153783e+02
7.298649599249014130e-01 2.850961535515734795e+02 2.963375658889144688e+02
7.615982190520711459e-01 2.756923967841058811e+02 2.963375658889153783e+02
7.933314781792407677e-01 2.662886400166381691e+02 2.963375658889162878e+02
8.250647373064103896e-01 2.568848832491705139e+02 2.963375658889153783e+02
8.567979964335800114e-01 2.474811264817028587e+02 2.963375658889153783e+02
8.885312555607496332e-01 2.380773697142352034e+02 2.963375658889153783e+02
9.202645146879192550e-01 2.286736129467675482e+02 2.963375658889162878e+02
9.519977738150888769e-01 2.192698561792998362e+02 2.963375658889162878e+02
9.837310329422584987e-01 2.098660994118321810e+02 2.963375658889153783e+02
1.015464292069428121e+00 2.004623426443645258e+02 2.963375658889153783e+02
1.047197551196597853e+00 1.910585858768968706e+02 2.963375658889153783e+02
1.078930810323767364e+00 1.816548291094292154e+02 2.963375658889153783e+02
1.110664069450937097e+00 1.722510723419615601e+02 2.963375658889158331e+02
1.142397328578106608e+00 1.628473155744938765e+02 2.963375658889158331e+02
1.174130587705276341e+00 1.534435588070262213e+02 2.963375658889153783e+02
1.205863846832445851e+00 1.440398020395585661e+02 2.963375658889153783e+02
1.237597105959615584e+00 1.346360452720909109e+02 2.963375658889153783e+02
1.269330365086785095e+00 1.252322885046232557e+02 2.963375658889153783e+02
1.301063624213954828e+00 1.158285317371556005e+02 2.963375658889153783e+02
1.332796883341124339e+00 1.064247749696879453e+02 2.963375658889153783e+02
1.364530142468294072e+00 9.702101820222029005e+01 2.963375658889153783e+02
1.396263401595463582e+00 8.761726143475263484e+01 3.176460017754074556e+02
1.427996660722633315e+00 7.686113243212351165e+01 3.176460017754079104e+02
1.459729919849802826e+00 6.745737566465582802e+01 2.609354959454193477e+02
1.491463178976972559e+00 6.030046501549848870e+01 2.313964346774251055e+02
1.523196438104142292e+00 5.277144961921200661e+01 2.011083756675317318e+02
1.554929697231311803e+00 4.753681662009456943e+01 1.490781028001956656e+02
1.586662956358481535e+00 4.330998148652112434e+01 1.389452829423217963e+02
1.618396215485651046e+00 3.871844328388137058e+01 1.046350037351733562e+02
1.650129474612820779e+00 3.666916211191988850e+01 5.241188503702522183e+01
1.681862733739990290e+00 3.539204342543467874e+01 6.557623311698166901e+01
1.713595992867160023e+00 3.250726691575016503e+01 6.648565126334379727e+01
1.745329251994329534e+00 3.117243062587803593e+01 6.998305424980100042e+01
1.777062511121499266e+00 2.806568612571075505e+01 9.502617231701334788e+01
1.808795770248668777e+00 2.514145032588032080e+01 7.310574081565859217e+01
1.840529029375838510e+00 2.342591929173676490e+01 5.476769197692718905e+01
1.872262288503008021e+00 2.166553560327864147e+01 7.481260806963878451e+01
1.903995547630177754e+00 1.867782353603030643e+01 8.492532406313158333e+01
1.935728806757347265e+00 1.627562097337022351e+01 7.785320248643870400e+01
1.967462065884516997e+00 1.373675183926597398e+01 7.054940199913471588e+01
1.999195325011686508e+00 1.179809606355942186e+01 6.161908477773472725e+01
2.030928584138856241e+00 9.826003070404194517e+00 5.574815716937013121e+01
2.062661843266025752e+00 8.259954628923818376e+00 4.568704839360948000e+01
2.094395102393195707e+00 6.926405179544297575e+00 3.443557009763932086e+01
2.126128361520365218e+00 6.074448890723413541e+00 2.520941742423236320e+01
2.157861620647534728e+00 5.326451228407996119e+00 1.765614077455376929e+01
2.189594879774704239e+00 4.953875109954013034e+00 4.180050144915299803e+00
2.221328138901874194e+00 5.061157999581675782e+00 -8.344268023954443336e+00
2.253061398029043705e+00 5.483456748815417114e+00 -1.795152028552204371e+01
2.284794657156213216e+00 6.200478489475901966e+00 -2.020872286848902277e+01
2.316527916283382726e+00 6.766034027645258853e+00 -1.758980311168307509e+01
2.348261175410552681e+00 7.316842049753769395e+00 -1.511125961330900225e+01
2.379994434537722192e+00 7.725093061739394251e+00 -1.496202662004975359e+01
2.411727693664891703e+00 8.266429785357066962e+00 -1.289613575799668865e+01
2.443460952792061214e+00 8.543565897234728368e+00 -6.322968150175348967e+00
2.475194211919231169e+00 8.667726558881776455e+00 1.582394574919989250e+00
2.506927471046400679e+00 8.443136823060001461e+00 6.807087284793611026e+00
2.538660730173570190e+00 8.235704429462542109e+00 8.950455411584158583e+00
2.570393989300740145e+00 7.875082581296045880e+00 6.457313333453504001e+00
2.602127248427909656e+00 7.825881234910927020e+00 7.708130756852577647e+00
2.633860507555079167e+00 7.385874359909427866e+00 1.566399336162979772e+01
2.665593766682248678e+00 6.831742114289200529e+00 1.790397041474856010e+01
2.697327025809418632e+00 6.249571694756638429e+00 1.320120058298617316e+01
2.729060284936588143e+00 5.993907876509914523e+00 2.919338593076928223e+00
2.760793544063757654e+00 6.064291438648524490e+00 -8.418089356539873336e+00
2.792526803190927165e+00 6.528174698323411462e+00 -1.495502933516663724e+01
2.824260062318097120e+00 7.013435080943057010e+00 -2.139477407642303319e+01
2.855993321445266631e+00 7.886026517792178225e+00 -3.481866582711819547e+01
2.887726580572436141e+00 9.223254571251592537e+00 -5.086264232599879165e+01
2.919459839699605652e+00 1.111410133543910916e+01 -6.636547134272483106e+01
2.951193098826775607e+00 1.343523996968246692e+01 -8.720563847928360701e+01
2.982926357953945118e+00 1.664873958186587188e+01 -1.134631531791761176e+02
3.014659617081114629e+00 2.063635125212353927e+01 -1.689945273552399385e+02
3.046392876208284584e+00 2.737423383714064329e+01 -2.552327099202177010e+02
3.078126135335454094e+00 3.683508269537951207e+01 -3.090025316603674810e+02
3.109859394462623605e+00 4.698554865340040010e+01 -3.295922452993531238e+02
3.141592653589793116e+00 5.775315494815956896e+01 -3.393161178815092285e+02
