1.000000000000000021e-03 1.553528043978479900e+02 2.758569730457480773e+01
4.100000000000000172e-02 1.542493765056649977e+02 4.965425514823493813e+01
8.100000000000000255e-02 1.513804639859891950e+02 8.827423137463981107e+01
1.209999999999999964e-01 1.471874379956938128e+02 1.158599286792142635e+02
1.610000000000000042e-01 1.421116696916520539e+02 1.324113470619589918e+02
2.010000000000000120e-01 1.365945302307370923e+02 1.379284865228743797e+02
2.409999999999999920e-01 1.310773907698221024e+02 1.379284865228745787e+02
2.810000000000000275e-01 1.255602513089071266e+02 1.379284865228743797e+02
3.210000000000000075e-01 1.200431118479921508e+02 1.379284865228742092e+02
3.609999999999999876e-01 1.145259723870771893e+02 1.379284865228743797e+02
4.010000000000000231e-01 1.090088329261621993e+02 1.379284865228747492e+02
4.410000000000000031e-01 1.034916934652472094e+02 1.379284865228743797e+02
4.809999999999999831e-01 9.797455400433224781e+01 1.379284865228743797e+02
5.210000000000000187e-01 9.245741454341725785e+01 1.379284865228743797e+02
5.610000000000000542e-01 8.694027508250229630e+01 1.379284865228743797e+02
6.009999999999999787e-01 8.142313562158730633e+01 1.379284865228745787e+02
6.410000000000000142e-01 7.590599616067233057e+01 1.379284865228743797e+02
6.810000000000000497e-01 7.038885669975735482e+01 1.379284865228742092e+02
7.209999999999999742e-01 6.487171723884239327e+01 1.379284865228743797e+02
7.610000000000000098e-01 5.935457777792740330e+01 1.379284865228745787e+02
8.010000000000000453e-01 5.383743831701242755e+01 1.382391134897681582e+02
8.409999999999999698e-01 4.829544869874595037e+01 1.385497404566620219e+02
8.810000000000000053e-01 4.275345908047946608e+01 1.377449884184158293e+02
9.210000000000000409e-01 3.727584962527268431e+01 1.348919361717518655e+02
9.609999999999999654e-01 3.196210418673931741e+01 1.291996316060763377e+02
1.000999999999999890e+00 2.693987909678657644e+01 1.195838813760430241e+02
1.040999999999999925e+00 2.239539367665587477e+01 1.064480031241438809e+02
1.080999999999999961e+00 1.842403884685506554e+01 9.190886092616325698e+01
1.120999999999999996e+00 1.504268480256281393e+01 7.769526618670015239e+01
1.160999999999999810e+00 1.220841755191905342e+01 6.504584032545071182e+01
1.200999999999999845e+00 9.839017576526757125e+00 5.474872273414013080e+01
1.240999999999999881e+00 7.828519733187842888e+00 4.654668956753756959e+01
1.280999999999999917e+00 6.115282411123751594e+00 3.938983579639992882e+01
1.320999999999999952e+00 4.677332869475848476e+00 3.280333057113081452e+01
1.360999999999999988e+00 3.491015965433286627e+00 2.714872126136741315e+01
1.401000000000000023e+00 2.505435168566455317e+00 2.302093438309572093e+01
1.440999999999999837e+00 1.649341214785629006e+00 2.059236725026740089e+01
1.480999999999999872e+00 8.580457885450630817e-01 1.938829183952723412e+01
1.520999999999999908e+00 9.827786762345036564e-02 1.859832094820281156e+01
1.560999999999999943e+00 -6.298198873111617857e-01 1.712489416991673608e+01
1.600999999999999979e+00 -1.271713665969888662e+00 1.425857462369997108e+01
1.641000000000000014e+00 -1.770505857207159472e+00 1.032530718349894983e+01
1.680999999999999828e+00 -2.097738240649804631e+00 6.488375367680626837e+00
1.720999999999999863e+00 -2.289575886621609602e+00 3.524200674715632697e+00
1.760999999999999899e+00 -2.379674294627055264e+00 1.512566851941410384e+00
1.800999999999999934e+00 -2.410581234776922432e+00 4.579377627955738550e-01
1.840999999999999970e+00 -2.416309315650701173e+00 4.433951084962806100e-02
1.881000000000000005e+00 -2.414128395644892677e+00 -3.378861818159939467e-01
1.920999999999999819e+00 -2.389278421105421657e+00 -9.608912185453677424e-01
1.960999999999999854e+00 -2.337257098161263258e+00 -1.592495556403805690e+00
2.000999999999999890e+00 -2.261878776593117202e+00 -2.109999096678294439e+00
2.040999999999999925e+00 -2.168457170426999703e+00 -2.506432228991256395e+00
2.080999999999999961e+00 -2.061364198273816672e+00 -2.773349250716861114e+00
2.120999999999999996e+00 -1.946589230369650814e+00 -2.910332291036249242e+00
2.161000000000000032e+00 -1.828537614990916715e+00 -2.966101556654612725e+00
2.201000000000000068e+00 -1.709301105837281787e+00 -2.990499659592521287e+00
2.241000000000000103e+00 -1.589297642223514995e+00 -3.002767975538447764e+00
2.281000000000000139e+00 -1.469079667794205957e+00 -3.032857355521465070e+00
2.320999999999999730e+00 -1.346669053781797798e+00 -3.100529837713822179e+00
2.360999999999999766e+00 -1.221037280777100165e+00 -3.173166018898543328e+00
2.400999999999999801e+00 -1.092815772269914332e+00 -3.198149912251231353e+00
2.440999999999999837e+00 -9.651852877970016342e-01 -3.151586511907314314e+00
2.480999999999999872e+00 -8.406888513173291777e-01 -3.031715134918318011e+00
2.520999999999999908e+00 -7.226480770035361711e-01 -2.811406914901826148e+00
2.560999999999999943e+00 -6.157762981251830858e-01 -2.455496662593353641e+00
2.600999999999999979e+00 -5.262083439960678621e-01 -1.998956666171262109e+00
2.641000000000000014e+00 -4.558597648314821060e-01 -1.519328625564774660e+00
2.681000000000000050e+00 -4.046620539508858916e-01 -1.071321754126181691e+00
2.721000000000000085e+00 -3.701540245013875685e-01 -7.068512734083278737e-01
2.761000000000000121e+00 -3.481139520782196572e-01 -4.796199801924270756e-01
2.801000000000000156e+00 -3.317844260859934002e-01 -3.678232833416498759e-01
2.840999999999999748e+00 -3.186880894108876650e-01 -3.120443187655086437e-01
2.880999999999999783e+00 -3.068208805847527088e-01 -2.848271274739327952e-01
2.920999999999999819e+00 -2.959019192129730413e-01 -2.631135843030422694e-01
2.960999999999999854e+00 -2.857717938405093250e-01 -2.360030969977403026e-01
3.000999999999999890e+00 -2.770216714531538171e-01 -2.359531633408844253e-01
3.040999999999999925e+00 -2.668955407732385710e-01 -2.712214499365004916e-01
3.080999999999999961e+00 -2.553239554582337756e-01 -2.877984433279131560e-01
3.120999999999999996e+00 -2.438716653070055196e-01 -2.685201452169941883e-01
3.161000000000000032e+00 -2.338423438408742394e-01 -2.312391929049934514e-01
3.201000000000000068e+00 -2.253725298746060424e-01 -1.564643894366505306e-01
3.241000000000000103e+00 -2.213251926859421959e-01 -4.133802502656117039e-02
3.281000000000000139e+00 -2.220654878724811487e-01 4.642191756352512244e-02
3.321000000000000174e+00 -2.250389460910242057e-01 7.650372334240193584e-02
3.360999999999999766e+00 -2.281857857398733036e-01 7.319303892066725270e-02
3.400999999999999801e+00 -2.308943892046775859e-01 3.083555834428666764e-02
3.440999999999999837e+00 -2.306526304074162370e-01 -6.531508202880821623e-02
3.480999999999999872e+00 -2.256691826423729286e-01 -1.761773362604804882e-01
3.520999999999999908e+00 -2.165584435065777968e-01 -2.727013411512227425e-01
3.560999999999999943e+00 -2.038530753502751092e-01 -3.577954480516482016e-01
3.600999999999999979e+00 -1.879348076624459407e-01 -4.268603579399152803e-01
3.641000000000000014e+00 -1.697042467150818856e-01 -4.732440043055820000e-01
3.681000000000000050e+00 -1.500752873179993785e-01 -5.098476374381085696e-01
3.721000000000000085e+00 -1.289164357200331956e-01 -5.412979293075653731e-01
3.761000000000000121e+00 -1.067714529733941459e-01 -5.583380053079557426e-01
3.801000000000000156e+00 -8.424939529539673955e-02 -5.552090885877914994e-01
3.840999999999999748e+00 -6.235472588637082370e-02 -5.241467045109199363e-01
3.880999999999999783e+00 -4.231765893452314742e-02 -4.602033416519176745e-01
3.920999999999999819e+00 -2.553845855421740807e-02 -3.803212726341587135e-01
3.960999999999999854e+00 -1.189195712379044999e-02 -3.192307319277176147e-01
4.001000000000000334e+00 0.000000000000000000e+00 -2.972989280947612167e-01
