0.000000000000000000e+00 1.891669726930624336e+02 1.437899599725613342e+01
3.173325912716962877e-02 1.887106802870929698e+02 2.875799199451271448e+01
6.346651825433925753e-02 1.873418030691845502e+02 5.751598398902587661e+01
9.519977738150889324e-02 1.850603410393371746e+02 8.627397598353859109e+01
1.269330365086785151e-01 1.818662941975508716e+02 1.006529719807947174e+02
1.586662956358481369e-01 1.786722473557645685e+02 1.006529719807947174e+02
1.903995547630177865e-01 1.754782005139782655e+02 1.006529719807947174e+02
2.221328138901874083e-01 1.722841536721919624e+02 1.006529719807956127e+02
2.538660730173570301e-01 1.690901068304056025e+02 1.006529719807956127e+02
2.855993321445266520e-01 1.658960599886192995e+02 1.006529719807942769e+02
3.173325912716962738e-01 1.627020131468330248e+02 1.006529719807947174e+02
3.490658503988658956e-01 1.595079663050466934e+02 1.006529719807951722e+02
3.807991095260355729e-01 1.563139194632603903e+02 1.006529719807947174e+02
4.125323686532051948e-01 1.531198726214740873e+02 1.006529719807947174e+02
4.442656277803748166e-01 1.499258257796877842e+02 1.006529719807951722e+02
4.759988869075444384e-01 1.467317789379014528e+02 1.006529719807951722e+02
5.077321460347140603e-01 1.435377320961151497e+02 1.006529719807951722e+02
5.394654051618836821e-01 1.403436852543288182e+02 1.006529719807947174e+02
5.711986642890533039e-01 1.371496384125425436e+02 1.006529719807947174e+02
6.029319234162229257e-01 1.339555915707562121e+02 1.006529719807951722e+02
6.346651825433925476e-01 1.307615447289699091e+02 1.006529719807947174e+02
6.663984416705621694e-01 1.275674978871836061e+02 1.006529719807947174e+02
6.981317007977317912e-01 1.243734510453973030e+02 1.006529719807949448e+02
7.298649599249014130e-01 1.211794042036109857e+02 1.006529719807951722e+02
7.615982190520711459e-01 1.179853573618246685e+02 1.006529719807953995e+02
7.933314781792407677e-01 1.147913105200383370e+02 1.006529719807949448e+02
8.250647373064103896e-01 1.115972636782520482e+02 1.006529719807947174e+02
8.567979964335800114e-01 1.084032168364657309e+02 1.006529719807949448e+02
8.885312555607496332e-01 1.052091699946794279e+02 1.006529719807949448e+02
9.202645146879192550e-01 1.020151231528931106e+02 1.006529719807951722e+02
9.519977738150888769e-01 9.882107631110679336e+01 1.006529719807949448e+02
9.837310329422584987e-01 9.562702946932049031e+01 1.006529719807949448e+02
1.015464292069428121e+00 9.243298262753417305e+01 1.006529719807951722e+02
1.047197551196597853e+00 8.923893578574785579e+01 1.006529719807949448e+02
1.078930810323767364e+00 8.604488894396155274e+01 1.006529719807949448e+02
1.110664069450937097e+00 8.285084210217523548e+01 1.006529719807949448e+02
1.142397328578106608e+00 7.965679526038893243e+01 1.006529719807949448e+02
1.174130587705276341e+00 7.646274841860261517e+01 1.006529719807951722e+02
1.205863846832445851e+00 7.326870157681629792e+01 1.006529719807949448e+02
1.237597105959615584e+00 7.007465473502999487e+01 1.006529719807947174e+02
1.269330365086785095e+00 6.688060789324369182e+01 1.006529719807949448e+02
1.301063624213954828e+00 6.368656105145737456e+01 1.006529719807949448e+02
1.332796883341124339e+00 6.049251420967107151e+01 1.006529719807949448e+02
1.364530142468294072e+00 5.729846736788475425e+01 1.006529719807950585e+02
1.396263401595463582e+00 5.410442052609844410e+01 1.006529719807949448e+02
1.427996660722633315e+00 5.091037368431213395e+01 7.835936970485288100e+01
1.459729919849802826e+00 4.913122415832688006e+01 7.835936970485288100e+01
1.491463178976972559e+00 4.593717731654056990e+01 7.257789493236843725e+01
1.523196438104142292e+00 4.452495786474020179e+01 4.550794995215066763e+01
1.554929697231311803e+00 4.304894618018484209e+01 4.075868355221214046e+01
1.586662956358481535e+00 4.193814613105089251e+01 4.904920706846436929e+01
1.618396215485651046e+00 3.993596378441328199e+01 2.921873964411965474e+01
1.650129474612820779e+00 4.008373445805858637e+01 1.033424644128971259e+01
1.681862733739990290e+00 3.928008514400232798e+01 8.814575916196586647e+00
1.713595992867160023e+00 3.952430401476903654e+01 3.558103243741648924e+01
1.745329251994329534e+00 3.702188089930479720e+01 6.040634766186767024e+01
1.777062511121499266e+00 3.569052344820914868e+01 4.806578991208937168e+01
1.808795770248668777e+00 3.397131256643994135e+01 3.900380817620586527e+01
1.840529029375838510e+00 3.321508754460523249e+01 6.499060328759514960e+01
1.872262288503008021e+00 2.984658525652726269e+01 1.161437487590411024e+02
1.903995547630177754e+00 2.584384819386215781e+01 1.103126545455206013e+02
1.935728806757347265e+00 2.284542515312935862e+01 6.607693143001854708e+01
1.967462065884516997e+00 2.165017541906816234e+01 6.561155999169366737e+01
1.999195325011686508e+00 1.868128788322085754e+01 8.681742719177401568e+01
2.030928584138856241e+00 1.614017559140666691e+01 7.814969610517704268e+01
2.062661843266025752e+00 1.372139876879057319e+01 6.066937004776312392e+01
2.094395102393195707e+00 1.228970190979104515e+01 3.533885058546741220e+01
2.126128361520365218e+00 1.147856496302063789e+01 3.520891208142434436e+01
2.157861620647534728e+00 1.005511484845990111e+01 5.573513531021329470e+01
2.189594879774704239e+00 7.941249980446917434e+00 4.338663335849003033e+01
2.221328138901874194e+00 7.301516290418969213e+00 2.255258866487558223e+01
2.253061398029043705e+00 6.509915700264986782e+00 1.960770808159259815e+01
2.284794657156213216e+00 6.057083327532817307e+00 1.594708702427719871e+01
2.316527916283382726e+00 5.497809610535161262e+00 1.731733132193865998e+01
2.348261175410552681e+00 4.958012603072556423e+00 8.049664613185184336e+00
2.379994434537722192e+00 4.986925424421134956e+00 -5.932026741514234480e+00
2.411727693664891703e+00 5.334497686548098194e+00 -4.524884404972620011e+00
2.443460952792061214e+00 5.274104083108104746e+00 -3.581113873099799338e+00
2.475194211919231169e+00 5.561778515546054180e+00 -6.244710286690542844e+00
2.506927471046400679e+00 5.670434102511410224e+00 -2.758612124265682475e+00
2.538660730173570190e+00 5.736858022287403713e+00 -1.331228242092421299e+00
2.570393989300740145e+00 5.754922524038860843e+00 -3.027744276733702056e-01
2.602127248427909656e+00 5.756074061028282784e+00 2.906552157168709183e+00
2.633860507555079167e+00 5.570453778498723807e+00 5.407784818414570260e+00
2.665593766682248678e+00 5.412860787134835761e+00 7.015042297712898112e+00
2.697327025809418632e+00 5.125233468455966168e+00 8.903981423161184239e+00
2.729060284936588143e+00 4.847756087605478825e+00 9.117077232507618589e+00
2.760793544063757654e+00 4.546604319852800558e+00 1.358725685233437375e+01
2.792526803190927165e+00 3.985420202560403080e+00 2.038136019326793758e+01
2.824260062318097120e+00 3.253070351098497515e+00 1.256972699440543551e+01
2.855993321445266631e+00 3.187663394817909612e+00 3.378814736592584911e+00
2.887726580572436141e+00 3.038628743940513743e+00 9.664533404534161320e+00
2.919459839699605652e+00 2.574289109079370697e+00 1.126419117479672494e+01
2.951193098826775607e+00 2.323729749124910260e+00 4.652843621318928591e+00
2.982926357953945118e+00 2.278989324452346921e+00 -1.405716661430000336e+01
3.014659617081114629e+00 3.215889170655669815e+00 -4.791377668650047639e+01
3.046392876208284584e+00 5.319909907160464080e+00 -7.616599863832882988e+01
3.078126135335454094e+00 8.049879913595145098e+00 -9.860738110074676399e+01
3.109859394462623605e+00 1.157817705980359690e+01 -1.175237980421882469e+02
3.141592653589793116e+00 1.550870618735896578e+01 -1.238615016441881238e+02
