1.000000000000000021e-03 2.006136595443732062e+02 3.764639269479630457e+01
4.100000000000000172e-02 1.991078038365813541e+02 6.776350685063299295e+01
8.100000000000000255e-02 1.951925789963225668e+02 1.204684566233474641e+02
1.209999999999999964e-01 1.894703273067135569e+02 1.581148493181433992e+02
1.610000000000000042e-01 1.825433910508710937e+02 1.807026849350208408e+02
2.010000000000000120e-01 1.750141125119118897e+02 1.882319634739801018e+02
2.409999999999999920e-01 1.674848339729526856e+02 1.882319634739801018e+02
2.810000000000000275e-01 1.599555554339934815e+02 1.882319634739801018e+02
3.210000000000000075e-01 1.524262768950342775e+02 1.882319634739804428e+02
3.609999999999999876e-01 1.448969983560750450e+02 1.882319634739804428e+02
4.010000000000000231e-01 1.373677198171158409e+02 1.882319634739797323e+02
4.410000000000000031e-01 1.298384412781566652e+02 1.882319634739797323e+02
4.809999999999999831e-01 1.223091627391974612e+02 1.882319634739804428e+02
5.210000000000000187e-01 1.147798842002382287e+02 1.882319634739802723e+02
5.610000000000000542e-01 1.072506056612790388e+02 1.882319634739799312e+02
6.009999999999999787e-01 9.972132712231983476e+01 1.882319634739802723e+02
6.410000000000000142e-01 9.219204858336061648e+01 1.882319634739802723e+02
6.810000000000000497e-01 8.466277004440141241e+01 1.882319634739799312e+02
7.209999999999999742e-01 7.713349150544222255e+01 1.882319634739799312e+02
7.610000000000000098e-01 6.960421296648301848e+01 1.886793109248095845e+02
8.010000000000000453e-01 6.203914663145745578e+01 1.891266583756391526e+02
8.409999999999999698e-01 5.447408029643188598e+01 1.878961568017165007e+02
8.810000000000000053e-01 4.700745408732013431e+01 1.835812812459553527e+02
9.210000000000000409e-01 3.978757779675545692e+01 1.749956584476869637e+02
9.609999999999999654e-01 3.300780141150517721e+01 1.604644960912314957e+02
1.000999999999999890e+00 2.695041810945693683e+01 1.405619696250036839e+02
1.040999999999999925e+00 2.176284384150488194e+01 1.184224481035832923e+02
1.080999999999999961e+00 1.747662226117027373e+01 9.645805816878811356e+01
1.120999999999999996e+00 1.404619918800183243e+01 7.670841380610619353e+01
1.160999999999999810e+00 1.133994915668177761e+01 6.098618938118946886e+01
1.200999999999999845e+00 9.167304037506674774e+00 4.933943225612576811e+01
1.240999999999999881e+00 7.392794576191715983e+00 4.043614102352059092e+01
1.280999999999999917e+00 5.932412755625027678e+00 3.376682558048214844e+01
1.320999999999999952e+00 4.691448529753143859e+00 2.908020671818788827e+01
1.360999999999999988e+00 3.605996218169996492e+00 2.599298489237864374e+01
1.401000000000000023e+00 2.612009738362852218e+00 2.426020718126800801e+01
1.440999999999999837e+00 1.665179643668555753e+00 2.333249802306469789e+01
1.480999999999999872e+00 7.454098965176763070e-01 2.231903805590758694e+01
1.520999999999999908e+00 -1.203434008040513148e-01 2.044484620165164657e+01
1.560999999999999943e+00 -8.901777996144553118e-01 1.752909492037210626e+01
1.600999999999999979e+00 -1.522670994433819924e+00 1.383020443589626680e+01
1.641000000000000014e+00 -1.996594154486156736e+00 1.022694905466279280e+01
1.680999999999999828e+00 -2.340826918806843349e+00 7.343421034315794849e+00
1.720999999999999863e+00 -2.584067837231420306e+00 5.178754875229158117e+00
1.760999999999999899e+00 -2.755127308825175980e+00 3.628284782284846077e+00
1.800999999999999934e+00 -2.874330619814208010e+00 2.500425340085354886e+00
1.840999999999999970e+00 -2.955161336032004371e+00 1.414951571872435920e+00
1.881000000000000005e+00 -2.987526745564002884e+00 2.009097944071169817e-01
1.920999999999999819e+00 -2.971234119584573730e+00 -9.244170305889198858e-01
1.960999999999999854e+00 -2.913573383116889293e+00 -1.848206036851507417e+00
2.000999999999999890e+00 -2.823377636636453136e+00 -2.526216186640855899e+00
2.040999999999999925e+00 -2.711476088185620803e+00 -2.988250365850575463e+00
2.080999999999999961e+00 -2.584317607368407099e+00 -3.270846750110695034e+00
2.120999999999999996e+00 -2.449808348176765183e+00 -3.420050552901809926e+00
2.161000000000000032e+00 -2.310713563136262305e+00 -3.472366033879786595e+00
2.201000000000000068e+00 -2.172019065466382237e+00 -3.446990960453538477e+00
2.241000000000000103e+00 -2.034954286299979209e+00 -3.398827085662747827e+00
2.281000000000000139e+00 -1.900112898613362411e+00 -3.362196996215893741e+00
2.320999999999999730e+00 -1.765978526602707710e+00 -3.311156745738486062e+00
2.360999999999999766e+00 -1.635220358954283526e+00 -3.214696770867284226e+00
2.400999999999999801e+00 -1.508802784933324981e+00 -3.147172875017073324e+00
2.440999999999999837e+00 -1.383446528952917642e+00 -3.148680420753879883e+00
2.480999999999999872e+00 -1.256908351273014590e+00 -3.171145119949667190e+00
2.520999999999999908e+00 -1.129754919356944276e+00 -3.178478184488145342e+00
2.560999999999999943e+00 -1.002630096513962954e+00 -3.165309970242625948e+00
2.600999999999999979e+00 -8.765301217375341958e-01 -3.047802295346377477e+00
2.641000000000000014e+00 -7.588059128862527647e-01 -2.746606640724501336e+00
2.681000000000000050e+00 -6.568015904795740934e-01 -2.321706979643080260e+00
2.721000000000000085e+00 -5.730693545148063395e-01 -1.882450273958532927e+00
2.761000000000000121e+00 -5.062055685628914503e-01 -1.488595282511955054e+00
2.801000000000000156e+00 -4.539817319138499396e-01 -1.186041943061679538e+00
2.840999999999999748e+00 -4.113222131179570806e-01 -1.013536514743749395e+00
2.880999999999999783e+00 -3.728988107343499947e-01 -9.482076340485146027e-01
2.920999999999999819e+00 -3.354656023940759124e-01 -9.205427068692005887e-01
2.960999999999999854e+00 -2.992553941848139498e-01 -8.675892185097511256e-01
3.000999999999999890e+00 -2.660584649132958224e-01 -7.577749432029622367e-01
3.040999999999999925e+00 -2.386333987285769731e-01 -5.904772142914509470e-01
3.080999999999999961e+00 -2.188202877699797488e-01 -3.825304286056353531e-01
3.120999999999999996e+00 -2.080309644401261426e-01 -1.745149856897314777e-01
3.161000000000000032e+00 -2.048590889148012295e-01 -2.155076550155558823e-02
3.201000000000000068e+00 -2.063069032000016956e-01 4.662020609786862724e-02
3.241000000000000103e+00 -2.085887054026307197e-01 3.772762073852957421e-02
3.281000000000000139e+00 -2.093251128590840615e-01 -2.064627788526604557e-02
3.321000000000000174e+00 -2.069370031718094360e-01 -9.862228374518666740e-02
3.360999999999999766e+00 -2.014353301594691281e-01 -1.697528512563706848e-01
3.400999999999999801e+00 -1.933567750712997801e-01 -2.221282495550321034e-01
3.440999999999999837e+00 -1.836650701950665598e-01 -2.503122341109723648e-01
3.480999999999999872e+00 -1.733317963424219899e-01 -2.642542022320709116e-01
3.520999999999999908e+00 -1.625247340165008880e-01 -2.759354019785806855e-01
3.560999999999999943e+00 -1.512569641841355339e-01 -2.919960676662319288e-01
3.600999999999999979e+00 -1.391650486032023348e-01 -3.144197740629381954e-01
3.641000000000000014e+00 -1.261033822591004772e-01 -3.433010023858554249e-01
3.681000000000000050e+00 -1.117009684123339008e-01 -3.754531642630100086e-01
3.721000000000000085e+00 -9.606712911805967425e-02 -4.062127122707462346e-01
3.761000000000000121e+00 -7.920395143067419930e-02 -4.254464265849177140e-01
3.801000000000000156e+00 -6.203141499126625658e-02 -4.195613595942913610e-01
3.840999999999999748e+00 -4.563904266313088820e-02 -3.887355154591434769e-01
3.880999999999999783e+00 -3.093257375453477634e-02 -3.387990089372043268e-01
3.920999999999999819e+00 -1.853512194815454261e-02 -2.799022133596072437e-01
3.960999999999999854e+00 -8.540396685766196011e-03 -2.316890243519317827e-01
4.001000000000000334e+00 4.336808689942017736e-19 -2.135099171441549037e-01
