1.001000000000000084e-01 6.519156462417328157e+02 7.305790179110749705e+02
1.501000000000000112e-01 6.153866953461790672e+02 7.305790179110738336e+02
2.001000000000000001e-01 5.788577444506254324e+02 7.305790179110726967e+02
2.500999999999999890e-01 5.423287935550717975e+02 7.305790179110726967e+02
3.001000000000000334e-01 5.057998426595181627e+02 7.305790179110732652e+02
3.501000000000000223e-01 4.692708917639644710e+02 7.305790179110726967e+02
4.001000000000000112e-01 4.327419408684108930e+02 7.305790179110726967e+02
4.501000000000000001e-01 3.962129899728572013e+02 7.305790179110738336e+02
5.000999999999999890e-01 3.596840390773035097e+02 7.305790179110738336e+02
5.501000000000000334e-01 3.231550881817498180e+02 7.305790179110732652e+02
6.001000000000000778e-01 2.866261372861961831e+02 7.305790179110726967e+02
6.501000000000000112e-01 2.500971863906425483e+02 7.305790179110732652e+02
7.001000000000000556e-01 2.135682354950888566e+02 7.305790179110732652e+02
7.500999999999999890e-01 1.770392845995352218e+02 7.305790179110732652e+02
8.001000000000000334e-01 1.405103337039815301e+02 7.315853671833045837e+02
8.501000000000000778e-01 1.038807478812047549e+02 6.776203707160846079e+02
9.001000000000000112e-01 7.274829663237306931e+01 5.578918084173081979e+02
9.501000000000000556e-01 4.809156703947392941e+01 4.250529883529716813e+02
1.000099999999999989e+00 3.024299779707590119e+01 2.921859619797730261e+02
1.050100000000000033e+00 1.887297084149662751e+01 1.574158266695127395e+02
1.100100000000000078e+00 1.450141513012462724e+01 7.225509082079604184e+01
1.150100000000000122e+00 1.164746175941702333e+01 5.304478626492766580e+01
1.200100000000000167e+00 9.196936503631860660e+00 4.734260059276658694e+01
1.250099999999999989e+00 6.913201700140364281e+00 4.036452640277461512e+01
1.300100000000000033e+00 5.160483863354398792e+00 3.250332385867317697e+01
1.350100000000000078e+00 3.662869314273046406e+00 2.906641880545397782e+01
1.400100000000000122e+00 2.253841982809000832e+00 2.622671455783995142e+01
1.450100000000000167e+00 1.040197858489050997e+00 2.153692714581725909e+01
1.500099999999999989e+00 1.001492682272746571e-01 1.654542818305764840e+01
1.550100000000000033e+00 -6.143449598167142200e-01 1.347442025094646922e+01
1.600100000000000078e+00 -1.247292756867372399e+00 1.058401944156588748e+01
1.650100000000000122e+00 -1.672746903973302945e+00 6.151918099689146047e+00
1.700100000000000167e+00 -1.862484566836287048e+00 2.449908147064077113e+00
1.750099999999999989e+00 -1.917737718679710657e+00 1.830758539506294191e-01
1.800100000000000033e+00 -1.880792152231349990e+00 -1.967245428656090311e+00
1.850100000000000078e+00 -1.721013175814101626e+00 -3.615216477181850685e+00
1.900100000000000122e+00 -1.519270504513164921e+00 -3.896274615724484303e+00
1.950100000000000167e+00 -1.331385714241653195e+00 -3.755735189171782729e+00
2.000100000000000211e+00 -1.143696985595986648e+00 -3.523308939373277493e+00
2.050100000000000477e+00 -9.790548203043254460e-01 -2.838750217988051716e+00
2.100100000000000300e+00 -8.598219637971814544e-01 -1.720905323097433604e+00
2.150100000000000122e+00 -8.069642879945820857e-01 -1.633306324563922329e+00
2.200100000000000389e+00 -6.964913313407892215e-01 -1.580868164199701331e+00
2.250100000000000211e+00 -6.488774715746119526e-01 -1.032630081975337566e+00
2.300100000000000477e+00 -5.932283231432554649e-01 -1.316459154213829308e+00
2.350100000000000300e+00 -5.172315561532290218e-01 -2.343155347803955735e+00
2.400100000000000566e+00 -3.589127883628598914e-01 -2.614094178876665620e+00
2.450100000000000389e+00 -2.558221382655624376e-01 -2.358823162843396215e+00
2.500100000000000211e+00 -1.230304720785202477e-01 -2.938033869909673967e+00
2.550100000000000477e+00 3.798124872540496050e-02 -3.610131539644557463e+00
2.600100000000000300e+00 2.379826818859355486e-01 -3.190203026211757553e+00
2.650100000000000566e+00 3.570015513465807366e-01 -2.384660767768790546e+00
2.700100000000000389e+00 4.764487586628146087e-01 -2.298856171934733350e+00
2.750100000000000211e+00 5.868871685400540716e-01 -2.181274005226835566e+00
2.800100000000000477e+00 6.945761591854981987e-01 -1.099133169597125148e+00
2.850100000000000300e+00 6.968004854997665865e-01 -1.813043709736472664e-01
2.900100000000000566e+00 7.127065962828629253e-01 -5.252784426703760445e-01
2.950100000000000389e+00 7.493283297668041909e-01 -3.746567155264002302e-01
3.000100000000000211e+00 7.501722678355029483e-01 6.900348687415325255e-01
3.050100000000000477e+00 6.803248428926509384e-01 1.370865092158083387e+00
3.100100000000000300e+00 6.130857586196946096e-01 1.185291833920902871e+00
3.150100000000000566e+00 5.617956595005606513e-01 1.249156039168779486e+00
3.200100000000000389e+00 4.881701547028166610e-01 1.785303146419339626e+00
3.250100000000000211e+00 3.832653448586266776e-01 1.821307615597840268e+00
3.300100000000000477e+00 3.060393931430326342e-01 1.213749023404502747e+00
3.350100000000000300e+00 2.618904425181763918e-01 9.999903487399566249e-01
3.400100000000000566e+00 2.060403582690369662e-01 1.070829826437488252e+00
3.450100000000000389e+00 1.548074598744275665e-01 9.120284921467270989e-01
3.500100000000000211e+00 1.148375090543642535e-01 6.743289490473295400e-01
3.550100000000000477e+00 8.737456496969460418e-02 4.983018438793733185e-01
3.600100000000000300e+00 6.500732466642691887e-02 3.814447219071137596e-01
3.650100000000000566e+00 4.923009277898322822e-02 2.301754276831373403e-01
3.700100000000000389e+00 4.198978189811318484e-02 -2.177534170761739885e-02
3.750100000000000211e+00 5.140762694974496810e-02 -2.115448628784676044e-01
3.800100000000000477e+00 6.314426818595994528e-02 -1.675891457249513994e-01
3.850100000000000300e+00 6.816654152224010943e-02 -7.711891611882626396e-02
3.900100000000000566e+00 7.085615979784257168e-02 -2.120951391653719265e-02
3.950100000000000389e+00 7.028749291389382869e-02 -7.489505317067476908e-02
4.000099999999999767e+00 7.834566511491004859e-02 -9.858554401985381022e-02
4.050099999999999589e+00 8.014604731587920972e-02 -1.017055972924035823e-01
4.100100000000000300e+00 8.851622484415040681e-02 -4.600627074469870736e-02
4.150100000000000122e+00 8.474667439034908045e-02 7.716972800948795896e-02
4.200099999999999945e+00 8.079925204320161092e-02 1.302131155942060081e-01
4.250099999999999767e+00 7.172536283092847964e-02 1.447778823607497045e-01
4.300099999999999589e+00 6.632146380712664047e-02 1.204487340216474356e-01
4.350100000000000300e+00 5.968048942876373608e-02 6.764353255776449358e-02
4.400100000000000122e+00 5.955711055135019111e-02 4.094309884299429658e-02
4.450099999999999945e+00 5.558617954446430642e-02 5.281966243607140454e-02
4.500099999999999767e+00 5.427514430774305065e-02 6.095849004437443874e-02
4.550099999999999589e+00 4.949033054002686255e-02 1.009228195763682556e-01
4.600100000000000300e+00 4.418286235010622509e-02 1.171915710957837503e-01
4.650100000000000122e+00 3.777117343044848752e-02 1.404408521329459369e-01
4.700099999999999945e+00 3.013877713681163001e-02 1.756847914809146205e-01
4.750099999999999767e+00 2.020269428235702339e-02 1.787889292082581461e-01
4.800100000000000477e+00 1.225988421598581471e-02 1.480054414798924189e-01
4.850100000000000300e+00 5.402150134367780451e-03 1.114023578604186604e-01
4.900100000000000122e+00 1.119648429943946978e-03 8.565003408847667032e-02
