1.001000000000000084e-01 5.147609028502190540e+02 5.744259012075485771e+02
1.501000000000000112e-01 4.860396077898416252e+02 5.744259012075497139e+02
2.001000000000000001e-01 4.573183127294640826e+02 5.744259012075485771e+02
2.500999999999999890e-01 4.285970176690867675e+02 5.744259012075485771e+02
3.001000000000000334e-01 3.998757226087092249e+02 5.744259012075497139e+02
3.501000000000000223e-01 3.711544275483317961e+02 5.744259012075485771e+02
4.001000000000000112e-01 3.424331324879543672e+02 5.744259012075497139e+02
4.501000000000000001e-01 3.137118374275768247e+02 5.744259012075491455e+02
5.000999999999999890e-01 2.849905423671994527e+02 5.744259012075485771e+02
5.501000000000000334e-01 2.562692473068219670e+02 5.744259012075499413e+02
6.001000000000000778e-01 2.275479522464444528e+02 5.744259012075493729e+02
6.501000000000000112e-01 1.988266571860670240e+02 5.744259012075491455e+02
7.001000000000000556e-01 1.701053621256895383e+02 5.744259012075493729e+02
7.500999999999999890e-01 1.413840670653120810e+02 5.744259012075489181e+02
8.001000000000000334e-01 1.126627720049346379e+02 5.634456462161639365e+02
8.501000000000000778e-01 8.503950244369568168e+01 5.144348952066596894e+02
9.001000000000000112e-01 6.121928248426866048e+01 4.281011676067498684e+02
9.501000000000000556e-01 4.222938568302069484e+01 3.294604223443164983e+02
1.000099999999999989e+00 2.827324024983700923e+01 2.274154120930403451e+02
1.050100000000000033e+00 1.948784447371665962e+01 1.339078048115922002e+02
1.100100000000000078e+00 1.488245976867778708e+01 7.674633831802965744e+01
1.150100000000000122e+00 1.181321064191369352e+01 5.559538763312180976e+01
1.200100000000000167e+00 9.322921005365605751e+00 4.570616707515753774e+01
1.250099999999999989e+00 7.242593934397939748e+00 3.837447022826322041e+01
1.300100000000000033e+00 5.485473982539283533e+00 3.261460747994681952e+01
1.350100000000000078e+00 3.981133186403257529e+00 2.787422068509673068e+01
1.400100000000000122e+00 2.698051914029610199e+00 2.384849778738598758e+01
1.450100000000000167e+00 1.596283407664658371e+00 2.017075862264278996e+01
1.500099999999999989e+00 6.809760517653309364e-01 1.673465452377945795e+01
1.550100000000000033e+00 -7.718204471328753147e-02 1.350019964663609962e+01
1.600100000000000078e+00 -6.690439128982790251e-01 1.040258152818023341e+01
1.650100000000000122e+00 -1.117440197531311075e+00 7.458447476044107738e+00
1.700100000000000167e+00 -1.414888660502689799e+00 4.803006540048975204e+00
1.750099999999999989e+00 -1.597740851536208595e+00 2.309561874379566504e+00
1.800100000000000033e+00 -1.645844847940646449e+00 4.041195276132580894e-01
1.850100000000000078e+00 -1.638152804297534404e+00 -7.302933312268189425e-01
1.900100000000000122e+00 -1.572815514817964555e+00 -1.739825937039680692e+00
1.950100000000000167e+00 -1.464170210593566335e+00 -2.386833237694829801e+00
2.000100000000000211e+00 -1.334132191048481575e+00 -2.311496679453999281e+00
2.050100000000000477e+00 -1.233020542648166407e+00 -2.178646968481938728e+00
2.100100000000000300e+00 -1.116267494200287702e+00 -2.354679387524710510e+00
2.150100000000000122e+00 -9.975526038956953334e-01 -2.379493249869698346e+00
2.200100000000000389e+00 -8.783181692133178453e-01 -2.379737355160645773e+00
2.250100000000000211e+00 -7.595788683796307339e-01 -2.333972766158896039e+00
2.300100000000000477e+00 -6.449208925974282414e-01 -2.404240863661915029e+00
2.350100000000000300e+00 -5.191547820134392310e-01 -2.577505566233898371e+00
2.400100000000000566e+00 -3.871703359740383821e-01 -2.517415880785528248e+00
2.450100000000000389e+00 -2.674131939348863840e-01 -2.482194552414278554e+00
2.500100000000000211e+00 -1.389508807326104989e-01 -2.742017768533058231e+00
2.550100000000000477e+00 6.788582918419411305e-03 -2.724552123983331242e+00
2.600100000000000300e+00 1.335043316657226475e-01 -2.544586732078248925e+00
2.650100000000000566e+00 2.612472561262443316e-01 -2.332623359612224778e+00
2.700100000000000389e+00 3.667666676269451531e-01 -1.912520862463368720e+00
2.750100000000000211e+00 4.524993423725812147e-01 -1.508627818673054399e+00
2.800100000000000477e+00 5.176294494942506041e-01 -1.187527391032231927e+00
2.850100000000000300e+00 5.712520814758044185e-01 -8.393607867467633987e-01
2.900100000000000566e+00 6.015655281689269440e-01 -4.587360132986084693e-01
2.950100000000000389e+00 6.171256828056652655e-01 -8.297816805823421404e-02
3.000100000000000211e+00 6.098633449747503654e-01 3.291064798277609782e-01
3.050100000000000477e+00 5.842150348228891676e-01 6.235830011610743462e-01
3.100100000000000300e+00 5.475050448586429308e-01 9.048690386700364297e-01
3.150100000000000566e+00 4.937281309558855247e-01 1.150245630313263989e+00
3.200100000000000389e+00 4.324804818273165208e-01 1.178696537144865442e+00
3.250100000000000211e+00 3.758584772413989805e-01 1.123960239892413560e+00
3.300100000000000477e+00 3.200844578380751537e-01 1.199025635683471647e+00
3.350100000000000300e+00 2.559559136730518158e-01 1.209837013121776161e+00
3.400100000000000566e+00 1.991007565258975376e-01 1.039146173552951025e+00
3.450100000000000389e+00 1.520412963177567023e-01 8.744228076623408175e-01
3.500100000000000211e+00 1.116584757596634503e-01 6.803318320106602757e-01
3.550100000000000477e+00 8.400811311669066639e-02 4.523562569485665708e-01
3.600100000000000300e+00 6.642285006480679044e-02 2.830549656578881801e-01
3.650100000000000566e+00 5.570261655090184838e-02 1.427904440983106260e-01
3.700100000000000389e+00 5.214380565497572784e-02 2.619620765459927669e-02
3.750100000000000211e+00 5.308299578544192071e-02 -1.678229267558860316e-02
3.800100000000000477e+00 5.382203492253458815e-02 -5.981091590999347563e-02
3.850100000000000300e+00 5.906408737644126827e-02 -1.050202429591163417e-01
3.900100000000000566e+00 6.432405921844622232e-02 -1.249958950837802563e-01
3.950100000000000389e+00 7.156367688481929390e-02 -8.778795708740183557e-02
4.000099999999999767e+00 7.310285492718640588e-02 -1.485830434893614660e-02
4.050099999999999589e+00 7.304950731971290856e-02 -1.841682133025490664e-02
4.100100000000000300e+00 7.494453706021189654e-02 -4.106077005425257109e-02
4.150100000000000122e+00 7.715558432513816567e-02 1.717708570545581348e-02
4.200099999999999945e+00 7.322682848966631519e-02 7.204026537421401311e-02
4.250099999999999767e+00 6.995155778771676436e-02 2.743860924127386469e-02
4.300099999999999589e+00 7.048296756553892872e-02 3.366215578116851792e-02
4.350100000000000300e+00 6.658534220959991257e-02 1.058897560120174858e-01
4.400100000000000122e+00 5.989399196433718014e-02 1.132613057225624609e-01
4.450099999999999945e+00 5.525921163734366648e-02 8.629315580961118004e-02
4.500099999999999767e+00 5.126467638337606214e-02 1.149374038438180645e-01
4.550099999999999589e+00 4.376547125296186003e-02 1.398559872917078672e-01
4.600100000000000300e+00 3.727907765420527403e-02 1.109124998922356858e-01
4.650100000000000122e+00 3.267422126373829144e-02 8.951588011220586172e-02
4.700099999999999945e+00 2.832748964298468716e-02 1.138740684260123037e-01
4.750099999999999767e+00 2.128681442113706038e-02 1.351557358811663334e-01
4.800100000000000477e+00 1.481191605486805243e-02 1.156336782037270111e-01
4.850100000000000300e+00 9.723446600764358572e-03 9.870744203337014633e-02
4.900100000000000122e+00 4.941171851531038668e-03 9.564549498466638766e-02
