1.001000000000000084e-01 3.243462365334526112e+02 3.450836563598466000e+02
1.501000000000000112e-01 3.070920537154602812e+02 3.450836563598466000e+02
2.001000000000000001e-01 2.898378708974679512e+02 3.450836563598466000e+02
2.500999999999999890e-01 2.725836880794756212e+02 3.450836563598474527e+02
3.001000000000000334e-01 2.553295052614832059e+02 3.450836563598477369e+02
3.501000000000000223e-01 2.380753224434908475e+02 3.450836563598468842e+02
4.001000000000000112e-01 2.208211396254985175e+02 3.450836563598471685e+02
4.501000000000000001e-01 2.035669568075061306e+02 3.450836563598477369e+02
5.000999999999999890e-01 1.863127739895137438e+02 3.450836563598474527e+02
5.501000000000000334e-01 1.690585911715213854e+02 3.450836563598471685e+02
6.001000000000000778e-01 1.518044083535290270e+02 3.450836563598471685e+02
6.501000000000000112e-01 1.345502255355366685e+02 3.450836563598468842e+02
7.001000000000000556e-01 1.172960427175443385e+02 3.450836563598471685e+02
7.500999999999999890e-01 1.000418598995519517e+02 3.450836563598474527e+02
8.001000000000000334e-01 8.278767708155959326e+01 3.450836563598471685e+02
8.501000000000000778e-01 6.553349426356723484e+01 3.272467314874940598e+02
9.001000000000000112e-01 5.006300393281018302e+01 2.850660989153320770e+02
9.501000000000000556e-01 3.702688437203402572e+01 2.322644902201924424e+02
1.000099999999999989e+00 2.683655491079093736e+01 1.757393191084497630e+02
1.050100000000000033e+00 1.945295246118904942e+01 1.177644749685036203e+02
1.100100000000000078e+00 1.506010741394057462e+01 7.449275535233361722e+01
1.150100000000000122e+00 1.200367692595568769e+01 5.423880036004437244e+01
1.200100000000000167e+00 9.636227377936137373e+00 4.424736476406860675e+01
1.250099999999999989e+00 7.578940449548826841e+00 3.711468962122205539e+01
1.300100000000000033e+00 5.924758415813931478e+00 3.066018059191561562e+01
1.350100000000000078e+00 4.512922390357265279e+00 2.653459610826269355e+01
1.400100000000000122e+00 3.271298804987662123e+00 2.308087054044131392e+01
1.450100000000000167e+00 2.204835336313133887e+00 1.966894678758169945e+01
1.500099999999999989e+00 1.304404126229492089e+00 1.647949735085233414e+01
1.550100000000000033e+00 5.568856012279004286e-01 1.346387658654037089e+01
1.600100000000000078e+00 -4.198353242454504197e-02 1.096830414621874716e+01
1.650100000000000122e+00 -5.399448133939743766e-01 8.692950612148969469e+00
1.700100000000000167e+00 -9.112785936394420805e-01 6.254396964710015716e+00
1.750099999999999989e+00 -1.165384509864975993e+00 4.329590908265448235e+00
1.800100000000000033e+00 -1.344237684465986904e+00 2.666666314947114813e+00
1.850100000000000078e+00 -1.432051141359687474e+00 1.053575919435660868e+00
1.900100000000000122e+00 -1.449595276409552991e+00 -7.646928971708710776e-02
1.950100000000000167e+00 -1.424404212387978763e+00 -9.282574176130298227e-01
2.000100000000000211e+00 -1.356769534648250009e+00 -1.710152605131565196e+00
2.050100000000000477e+00 -1.253388951874822244e+00 -2.087933377290576153e+00
2.100100000000000300e+00 -1.147976196919192393e+00 -2.308548593849431008e+00
2.150100000000000122e+00 -1.022534092489879143e+00 -2.478766448153792989e+00
2.200100000000000389e+00 -9.000995521038130942e-01 -2.569994991722810429e+00
2.250100000000000211e+00 -7.655345933175980999e-01 -2.742342209250705487e+00
2.300100000000000477e+00 -6.258653311787425455e-01 -2.711394850111459309e+00
2.350100000000000300e+00 -4.943951083064521690e-01 -2.621088715269764169e+00
2.400100000000000566e+00 -3.637564596517661175e-01 -2.724978964429865869e+00
2.450100000000000389e+00 -2.218972118634655322e-01 -2.580005339669856124e+00
2.500100000000000211e+00 -1.057559256847805107e-01 -2.391830876125961236e+00
2.550100000000000477e+00 1.728587574913059699e-02 -2.448966145364201985e+00
2.600100000000000300e+00 1.391406888516396878e-01 -2.329778306571319568e+00
2.650100000000000566e+00 2.502637064062625538e-01 -2.032339582773043496e+00
2.700100000000000389e+00 3.423746471289440541e-01 -1.751002239515884185e+00
2.750100000000000211e+00 4.253639303578509723e-01 -1.356423435873741479e+00
2.800100000000000477e+00 4.780169907163182019e-01 -8.910238739212011927e-01
2.850100000000000300e+00 5.144663177499710915e-01 -5.581440558859662726e-01
2.900100000000000566e+00 5.338313963049148292e-01 -3.773272298256979962e-01
2.950100000000000389e+00 5.521990407325408912e-01 -1.130112285632667302e-01
3.000100000000000211e+00 5.451325191612415022e-01 2.710434678102457973e-01
3.050100000000000477e+00 5.250946939515163114e-01 5.860627380609773063e-01
3.100100000000000300e+00 4.865262453551437716e-01 8.629104033696283205e-01
3.150100000000000566e+00 4.388036536145534794e-01 1.015392160674377653e+00
3.200100000000000389e+00 3.849870292877060063e-01 1.059886512529710112e+00
3.250100000000000211e+00 3.328150023615824571e-01 9.728940871409091917e-01
3.300100000000000477e+00 2.876976205736150871e-01 8.019705655906644859e-01
3.350100000000000300e+00 2.526179458025160085e-01 7.336868701473442389e-01
3.400100000000000566e+00 2.143289335588806632e-01 7.736460508285172288e-01
3.450100000000000389e+00 1.752533407196642801e-01 6.994771681270878227e-01
3.500100000000000211e+00 1.443812167461718809e-01 5.598844680872363533e-01
3.550100000000000477e+00 1.192648939109406392e-01 3.792869262468430147e-01
3.600100000000000300e+00 1.064525241214875767e-01 2.051384534197860099e-01
3.650100000000000566e+00 9.875104856896203820e-02 9.605828247192693681e-02
3.700100000000000389e+00 9.684669587429488302e-02 2.862850402976638287e-02
3.750100000000000211e+00 9.588819816598539991e-02 7.929635286950134643e-02
3.800100000000000477e+00 8.891706058734474838e-02 1.491266902160709451e-01
3.850100000000000300e+00 8.097552914437830540e-02 9.066524175539367181e-02
3.900100000000000566e+00 7.985053641180538120e-02 5.335647868936116422e-02
3.950100000000000389e+00 7.563988127544218898e-02 2.321448767282643932e-02
4.000099999999999767e+00 7.752908764452273727e-02 -4.587550459195982588e-02
4.050099999999999589e+00 8.022743173463817157e-02 -5.557743348786614579e-02
4.100100000000000300e+00 8.308683099330935184e-02 -2.020750564608805866e-02
4.150100000000000122e+00 8.224818229924697743e-02 4.069520331655293588e-02
4.200099999999999945e+00 7.901731066165405826e-02 6.810782920139757390e-02
4.250099999999999767e+00 7.543739937910722004e-02 5.892038413098141247e-02
4.300099999999999589e+00 7.312527224855591701e-02 7.716826229571982498e-02
4.350100000000000300e+00 6.772057314953523754e-02 8.360651420674145018e-02
4.400100000000000122e+00 6.476462082788177199e-02 4.878682371218800995e-02
4.450099999999999945e+00 6.284189077831643655e-02 4.415657446328817570e-02
4.500099999999999767e+00 6.034896338155295442e-02 7.277611391969633636e-02
4.550099999999999589e+00 5.556427938634680291e-02 9.900204123935482659e-02
4.600100000000000300e+00 5.044875925761747176e-02 1.224017838581305945e-01
4.650100000000000122e+00 4.332410100053374347e-02 1.519397583344324898e-01
4.700099999999999945e+00 3.525478342417422140e-02 1.813107704775048512e-01
4.750099999999999767e+00 2.519302395278325696e-02 1.879042695130843377e-01
4.800100000000000477e+00 1.646435647286578763e-02 1.550669650022298285e-01
4.850100000000000300e+00 9.686327452560273762e-03 1.191170645130694011e-01
4.900100000000000122e+00 4.552650021558846821e-03 1.026735486200285319e-01
