1.000000000000000021e-03 1.605856087354822535e+02 2.175486131328455031e+01
5.100000000000000366e-02 1.594978656698180259e+02 4.350972262656966905e+01
1.010000000000000064e-01 1.562346364728252865e+02 8.701944525313962231e+01
1.510000000000000231e-01 1.507959211445040637e+02 1.305291678797092914e+02
2.010000000000000120e-01 1.431817196848543574e+02 1.522840291929941259e+02
2.510000000000000009e-01 1.355675182252046511e+02 1.522840291929941259e+02
3.010000000000000453e-01 1.279533167655549448e+02 1.522840291929941259e+02
3.510000000000000342e-01 1.203391153059052385e+02 1.522840291929942680e+02
4.010000000000000231e-01 1.127249138462555180e+02 1.522840291929942680e+02
4.510000000000000120e-01 1.051107123866058117e+02 1.522840291929941259e+02
5.010000000000000009e-01 9.749651092695610544e+01 1.522840291929939838e+02
5.510000000000000453e-01 8.988230946730641335e+01 1.522840291929939838e+02
6.010000000000000897e-01 8.226810800765670706e+01 1.522840291929941259e+02
6.510000000000000231e-01 7.465390654800700077e+01 1.522840291929941259e+02
7.010000000000000675e-01 6.703970508835729447e+01 1.522840291929941259e+02
7.510000000000000009e-01 5.942550362870758818e+01 1.522840291929941827e+02
8.010000000000000453e-01 5.181130216905787478e+01 1.561774971367981379e+02
8.510000000000000897e-01 4.380775391502777438e+01 1.561774971367979958e+02
9.010000000000000231e-01 3.619355245537807519e+01 1.463429955097657000e+02
9.510000000000000675e-01 2.917345436405120296e+01 1.312641757065248385e+02
1.000999999999999890e+00 2.306713488472558993e+01 1.150954603801473297e+02
1.050999999999999934e+00 1.766390832603646999e+01 9.976234818471881738e+01
1.100999999999999979e+00 1.309090006625370783e+01 8.239305654744197227e+01
1.151000000000000023e+00 9.424602671292271694e+00 6.055595160927318688e+01
1.201000000000000068e+00 7.035304905326388969e+00 4.205015093343654797e+01
1.250999999999999890e+00 5.219587577948616719e+00 3.279324269138115966e+01
1.300999999999999934e+00 3.755980636188272825e+00 2.850217599785480971e+01
1.350999999999999979e+00 2.369369978163135659e+00 2.439997120087812377e+01
1.401000000000000023e+00 1.315983516100460271e+00 1.948339852743948697e+01
1.451000000000000068e+00 4.210301254191868847e-01 1.641859333983413549e+01
1.500999999999999890e+00 -3.258758178829535002e-01 1.268154939708306195e+01
1.550999999999999934e+00 -8.471248142891194544e-01 9.256118180009105245e+00
1.600999999999999979e+00 -1.251487635883864025e+00 6.276313058023005986e+00
1.651000000000000023e+00 -1.474756120091420097e+00 3.180788022722422781e+00
1.701000000000000068e+00 -1.569566438156106303e+00 8.290727655515484074e-01
1.750999999999999890e+00 -1.557663396646574938e+00 -1.305464668466409517e+00
1.800999999999999934e+00 -1.439019971309465351e+00 -3.036044655463827624e+00
1.850999999999999979e+00 -1.254058931100192176e+00 -3.950588948123656685e+00
1.901000000000000023e+00 -1.043961076497099683e+00 -4.509337499793099724e+00
1.951000000000000068e+00 -8.031251811208821589e-01 -4.235029469965308380e+00
2.000999999999999890e+00 -6.204581295005687780e-01 -3.315154299479249556e+00
2.051000000000000156e+00 -4.716097511729571701e-01 -2.698431188503465972e+00
2.100999999999999979e+00 -3.506150106502221586e-01 -2.431366486634792601e+00
2.150999999999999801e+00 -2.284731025094779155e-01 -1.985945490401409774e+00
2.201000000000000068e+00 -1.520204616100811756e-01 -1.027386229082913882e+00
2.250999999999999890e+00 -1.257344796011865273e-01 -4.440577481071451560e-01
2.301000000000000156e+00 -1.076146867993666573e-01 -9.502873738364109313e-01
2.350999999999999979e+00 -3.070574221754544114e-02 -1.588583867116420079e+00
2.401000000000000245e+00 5.124369991227536308e-02 -1.480487644366469402e+00
2.451000000000000068e+00 1.173430222191015060e-01 -1.549418292803393049e+00
2.500999999999999890e+00 2.061855291926146805e-01 -2.120792374206232012e+00
2.551000000000000156e+00 3.294222596397247127e-01 -2.368740494563263965e+00
2.600999999999999979e+00 4.430595786489410770e-01 -1.930274093439683369e+00
2.651000000000000245e+00 5.224496689836930496e-01 -1.154528852359674174e+00
2.701000000000000068e+00 5.585124638849084944e-01 -9.011516043849177038e-01
2.750999999999999890e+00 6.125648294221848200e-01 -7.937898004508747718e-01
2.801000000000000156e+00 6.378914439299959716e-01 -1.029514964255962006e-01
2.850999999999999979e+00 6.228599790647444401e-01 5.038255639841293654e-01
2.901000000000000245e+00 5.875088875315830350e-01 7.012831944726971578e-01
2.951000000000000068e+00 5.527316596174747243e-01 6.303138751706283127e-01
3.000999999999999890e+00 5.244775000145202037e-01 6.721679998229523889e-01
3.051000000000000156e+00 4.855148596351794854e-01 1.160336412590269317e+00
3.100999999999999979e+00 4.084438587554932720e-01 1.392227294405942617e+00
3.151000000000000245e+00 3.462921301945852126e-01 1.049692983287296988e+00
3.201000000000000068e+00 3.034745604267635732e-01 9.564622048829329870e-01
3.250999999999999890e+00 2.506459097062919139e-01 1.059968555907333521e+00
3.301000000000000156e+00 1.974777048360302212e-01 9.393715494958817525e-01
3.350999999999999979e+00 1.567087547567037331e-01 5.986752260047891738e-01
3.401000000000000245e+00 1.376101822355512982e-01 1.770381087478592463e-01
3.451000000000000068e+00 1.390049438819178085e-01 7.575310133032475690e-02
3.500999999999999890e+00 1.300348721025188226e-01 2.480542298188026518e-01
3.551000000000000156e+00 1.141995209000375433e-01 1.087146227750838967e-01
3.600999999999999979e+00 1.191634098250104329e-01 -1.013710468752457294e-01
3.651000000000000245e+00 1.243366255875621162e-01 -4.146756642151180894e-02
3.701000000000000068e+00 1.233101664671616138e-01 1.072789546992136689e-01
3.750999999999999890e+00 1.136087301176407494e-01 2.441128183476841407e-01
3.801000000000000156e+00 9.889888463239319971e-02 1.086721267344809005e-01
3.850999999999999979e+00 1.027415174441926593e-01 -3.104276561258806355e-02
3.901000000000000245e+00 1.020031611936520061e-01 1.149401177443566680e-01
3.951000000000000068e+00 9.124750566975699251e-02 1.055440005598946851e-01
4.001000000000000334e+00 9.144876113766253756e-02 -7.756277265937028265e-02
4.051000000000000156e+00 9.900378293569402077e-02 -1.193785308053237071e-01
4.101000000000000867e+00 1.033866142181949083e-01 -7.644946236914598736e-02
4.151000000000000689e+00 1.066487291726086195e-01 -1.648192097004202994e-03
4.201000000000000512e+00 1.035514334278953286e-01 3.995627847602101212e-02
4.251000000000000334e+00 1.026531013250065183e-01 6.548835491895721450e-02
4.301000000000000156e+00 9.700259793599960711e-02 1.685950766534348444e-01
4.351000000000000867e+00 8.579359365966303386e-02 2.249071668371920019e-01
4.401000000000000689e+00 7.451188125228040693e-02 1.766772968788353493e-01
4.451000000000000512e+00 6.812586397177949893e-02 1.255184685162897273e-01
4.501000000000000334e+00 6.196003440065143281e-02 1.294133674106356935e-01
4.551000000000000156e+00 5.518452723071592958e-02 1.583374507672233311e-01
4.601000000000000867e+00 4.612628932392909969e-02 1.761636232213409925e-01
4.651000000000000689e+00 3.756816490858182894e-02 1.538159648794156509e-01
4.701000000000000512e+00 3.074469283598753322e-02 1.420066876301813441e-01
4.751000000000000334e+00 2.336749614556369453e-02 1.563258493763987900e-01
4.801000000000001044e+00 1.511210789834765457e-02 1.368991507090238924e-01
4.851000000000000867e+00 9.677581074661304253e-03 9.863072833799177430e-02
4.901000000000000689e+00 5.249035064548476792e-03 7.832447456588444157e-02
4.951000000000000512e+00 1.845133618072858405e-03 4.889742780098454977e-02
5.001000000000000334e+00 3.592922844500219016e-04 2.971682667245672746e-02
