1.000000000000000021e-03 1.845724794579802222e+02 2.633289234575045157e+01
5.100000000000000366e-02 1.832558348406926996e+02 5.266578469150175579e+01
1.010000000000000064e-01 1.793059009888300466e+02 1.053315693830035116e+02
1.510000000000000231e-01 1.727226779023923484e+02 1.579973540745046989e+02
2.010000000000000120e-01 1.635061655813795767e+02 1.843302464202557189e+02
2.510000000000000009e-01 1.542896532603667765e+02 1.843302464202554347e+02
3.010000000000000453e-01 1.450731409393540332e+02 1.843302464202554347e+02
3.510000000000000342e-01 1.358566286183412331e+02 1.843302464202561453e+02
4.010000000000000231e-01 1.266401162973284187e+02 1.843302464202558610e+02
4.510000000000000120e-01 1.174236039763156469e+02 1.843302464202555768e+02
5.010000000000000009e-01 1.082070916553028610e+02 1.843302464202557189e+02
5.510000000000000453e-01 9.899057933429007505e+01 1.843302464202558610e+02
6.010000000000000897e-01 8.977406701327727490e+01 1.843302464202557189e+02
6.510000000000000231e-01 8.055755469226450316e+01 1.843302464202558610e+02
7.010000000000000675e-01 7.134104237125168879e+01 1.843302464202560031e+02
7.510000000000000009e-01 6.212453005023890285e+01 1.841619697230702002e+02
8.010000000000000453e-01 5.292484539894466877e+01 1.827412844653635773e+02
8.510000000000000897e-01 4.385040160370254370e+01 1.718933671000421270e+02
9.010000000000000231e-01 3.573550868894045607e+01 1.537655276440349326e+02
9.510000000000000675e-01 2.847384883929904831e+01 1.359097173069194753e+02
1.000999999999999890e+00 2.214453695824850854e+01 1.161273799469802981e+02
1.050999999999999934e+00 1.686111084460101850e+01 9.450437158040351449e+01
1.100999999999999979e+00 1.269409980020815709e+01 7.237226563508686183e+01
1.151000000000000023e+00 9.623884281092331960e+00 5.133449759773498045e+01
1.201000000000000068e+00 7.560650040434659047e+00 3.934733571883946723e+01
1.250999999999999890e+00 5.689150709208385059e+00 3.372316414322402522e+01
1.300999999999999934e+00 4.188333626112256347e+00 2.725800012775573933e+01
1.350999999999999979e+00 2.963350696432811127e+00 2.254849367682369987e+01
1.401000000000000023e+00 1.933484258429886138e+00 1.915420951237193137e+01
1.451000000000000068e+00 1.047929745195617768e+00 1.624193493450237114e+01
1.500999999999999890e+00 3.092907649796489133e-01 1.300203346229922374e+01
1.550999999999999934e+00 -2.522736010343047397e-01 9.625348238487012154e+00
1.600999999999999979e+00 -6.532440588690523464e-01 7.122130205300496897e+00
1.651000000000000023e+00 -9.644866215643544960e-01 5.010650858322619250e+00
1.701000000000000068e+00 -1.154309144701314294e+00 2.878341857911440371e+00
1.750999999999999890e+00 -1.252320807355498555e+00 1.076994461826115135e+00
1.800999999999999934e+00 -1.262008590883925807e+00 -4.732244512775363177e-01
1.850999999999999979e+00 -1.204998362227744924e+00 -1.223063738907639308e+00
1.901000000000000023e+00 -1.139702216993161876e+00 -1.814910150247444065e+00
1.951000000000000068e+00 -1.023507347203000517e+00 -2.582468145188554498e+00
2.000999999999999890e+00 -8.814554024743064264e-01 -2.941245855629165185e+00
2.051000000000000156e+00 -7.293827616400839764e-01 -2.951464016623131847e+00
2.100999999999999979e+00 -5.863090008119932195e-01 -2.741005182897229719e+00
2.150999999999999801e+00 -4.552822433503609934e-01 -2.785808967829487504e+00
2.201000000000000068e+00 -3.077281040290444358e-01 -2.904183613286980048e+00
2.250999999999999890e+00 -1.648638820216629663e-01 -2.579177093586711322e+00
2.301000000000000156e+00 -4.981039467037329943e-02 -2.325757062205710213e+00
2.350999999999999979e+00 6.771182419890808823e-02 -2.199564839949004202e+00
2.401000000000000245e+00 1.701460893245271555e-01 -2.000706385593229442e+00
2.451000000000000068e+00 2.677824627582310324e-01 -1.793955553495966804e+00
2.500999999999999890e+00 3.495416446741238525e-01 -1.470972188484198639e+00
2.551000000000000156e+00 4.148796816066508963e-01 -1.465489063702110073e+00
2.600999999999999979e+00 4.960905510443348598e-01 -1.357576335170718185e+00
2.651000000000000245e+00 5.506373151237227148e-01 -8.786768917444842675e-01
2.701000000000000068e+00 5.839582402187832866e-01 -5.352117696271363467e-01
2.750999999999999890e+00 6.041584920864363495e-01 -3.605213186753908339e-01
2.801000000000000156e+00 6.200103720863223700e-01 -1.868051217514443696e-01
2.850999999999999979e+00 6.228390042615807864e-01 9.422044306269694580e-02
2.901000000000000245e+00 6.105883277800526754e-01 4.879555582674055536e-01
2.951000000000000068e+00 5.740434484348402311e-01 7.380842455204084107e-01
3.000999999999999890e+00 5.367799032280118343e-01 8.518199443478485788e-01
3.051000000000000156e+00 4.888614540000553732e-01 1.087348857273820357e+00
3.100999999999999979e+00 4.280450175006297875e-01 1.303747250007243785e+00
3.151000000000000245e+00 3.584867289993309836e-01 1.313715674390946608e+00
3.201000000000000068e+00 2.966734500615351156e-01 1.200989068818836714e+00
3.250999999999999890e+00 2.383878221174473011e-01 1.123870023143856089e+00
3.301000000000000156e+00 1.842864477471495011e-01 1.082516063657148919e+00
3.350999999999999979e+00 1.301362157517323981e-01 9.911392600238291273e-01
3.401000000000000245e+00 8.517252174476658277e-02 6.218220495139773485e-01
3.451000000000000068e+00 6.795401080033465491e-02 2.962879172832686980e-01
3.500999999999999890e+00 5.554373001643971020e-02 2.090887534477483267e-01
3.551000000000000156e+00 4.704513545555982085e-02 1.221553596307899114e-01
3.600999999999999979e+00 4.332819405336071905e-02 -6.816398081237538820e-02
3.651000000000000245e+00 5.386153353679735967e-02 -2.900970415647047274e-01
3.701000000000000068e+00 7.233789820983119179e-02 -3.358679699777007421e-01
3.750999999999999890e+00 8.744833053456743666e-02 -2.389680267071130071e-01
3.801000000000000156e+00 9.623470088054249250e-02 -2.670585776908523945e-01
3.850999999999999979e+00 1.141541883036526761e-01 -3.084872091164063135e-01
3.901000000000000245e+00 1.270834217921831266e-01 -1.901418109125097011e-01
3.951000000000000068e+00 1.331683693949036462e-01 -3.380948732372379695e-02
4.001000000000000334e+00 1.304643705245555063e-01 7.521001320302339588e-02
4.051000000000000156e+00 1.256473680746013066e-01 1.078742481036926160e-01
4.101000000000000867e+00 1.196769457141862447e-01 1.794798956792419131e-01
4.151000000000000689e+00 1.076993785066771153e-01 2.854066641710263363e-01
4.201000000000000512e+00 9.113627929708360831e-02 3.065329832745550265e-01
4.251000000000000334e+00 7.704608017922161267e-02 2.505557766278157517e-01
4.301000000000000156e+00 6.608070163430203314e-02 1.999631635626246962e-01
4.351000000000000867e+00 5.704976382295914167e-02 1.477726473704314702e-01
4.401000000000000689e+00 5.130343689725888612e-02 1.136076673917451457e-01
4.451000000000000512e+00 4.568899708378462710e-02 9.628941629540817282e-02
4.501000000000000334e+00 4.167449526771806884e-02 7.819539406284048422e-02
4.551000000000000156e+00 3.786945767750057867e-02 8.763740156135416126e-02
4.601000000000000867e+00 3.291075511158265271e-02 1.033804043669292461e-01
4.651000000000000689e+00 2.753141724080765407e-02 1.162089994729973569e-01
4.701000000000000512e+00 2.128985516428291702e-02 1.271673671946501327e-01
4.751000000000000334e+00 1.481468052134264114e-02 1.122342522968653999e-01
4.801000000000001044e+00 1.006642993459637599e-02 8.385675458140756655e-02
4.851000000000000867e+00 6.429005063201885355e-03 6.118002002116429416e-02
4.901000000000000689e+00 3.948427932479946570e-03 4.375295833943958212e-02
4.951000000000000512e+00 2.053709229257926795e-03 3.350153858347507813e-02
5.001000000000000334e+00 5.982740741324384538e-04 2.910870310250976423e-02
