1.000000000000000021e-03 1.821174492854117943e+02 2.649718800483128689e+01
5.100000000000000366e-02 1.807925898851702300e+02 5.299437600966285800e+01
1.010000000000000064e-01 1.768180116844455085e+02 1.059887520193260002e+02
1.510000000000000231e-01 1.701937146832376300e+02 1.589831280289885740e+02
2.010000000000000120e-01 1.609196988815466511e+02 1.854803160338204293e+02
2.510000000000000009e-01 1.516456830798555870e+02 1.854803160338204293e+02
3.010000000000000453e-01 1.423716672781646082e+02 1.854803160338198609e+02
3.510000000000000342e-01 1.330976514764736010e+02 1.854803160338202872e+02
4.010000000000000231e-01 1.238236356747825795e+02 1.854803160338201451e+02
4.510000000000000120e-01 1.145496198730915864e+02 1.854803160338200030e+02
5.010000000000000009e-01 1.052756040714005792e+02 1.854803160338202872e+02
5.510000000000000453e-01 9.600158826970955772e+01 1.854803160338204293e+02
6.010000000000000897e-01 8.672757246801853626e+01 1.854803160338202872e+02
6.510000000000000231e-01 7.745355666632752900e+01 1.854803160338201451e+02
7.010000000000000675e-01 6.817954086463652175e+01 1.854803160338202019e+02
7.510000000000000009e-01 5.890552506294550739e+01 1.764783553041894493e+02
8.010000000000000453e-01 5.053170533421757682e+01 1.678667428279598539e+02
8.510000000000000897e-01 4.211885078014952200e+01 1.609648096185340194e+02
9.010000000000000231e-01 3.443522437236417488e+01 1.441448701745986796e+02
9.510000000000000675e-01 2.770436376268965262e+01 1.251579827894682069e+02
1.000999999999999890e+00 2.191942609341735348e+01 1.050580441750824008e+02
1.050999999999999934e+00 1.719855934518141183e+01 8.360132436041979531e+01
1.100999999999999979e+00 1.355929365737537395e+01 7.006027143003201729e+01
1.151000000000000023e+00 1.019253220217821010e+01 5.528628478182177730e+01
1.201000000000000068e+00 8.030665179193196224e+00 3.911131141398355737e+01
1.250999999999999890e+00 6.281401060779853829e+00 3.255837306495231331e+01
1.300999999999999934e+00 4.774827872697964715e+00 2.712123981104799597e+01
1.350999999999999979e+00 3.569277079675054143e+00 2.257301586038166619e+01
1.401000000000000023e+00 2.517526286659797830e+00 1.934582599110204626e+01
1.451000000000000068e+00 1.634694480564849561e+00 1.684804267482633833e+01
1.500999999999999890e+00 8.327220191771637081e-01 1.476219856009377907e+01
1.550999999999999934e+00 1.584746245554716215e-01 1.199163616610710648e+01
1.600999999999999979e+00 -3.664415974335469839e-01 9.518514647492629877e+00
1.651000000000000023e+00 -7.933768401937915105e-01 7.749468978506498296e+00
1.701000000000000068e+00 -1.141388495284196836e+00 5.567949123743636264e+00
1.750999999999999890e+00 -1.350171752568155137e+00 3.273186580083735642e+00
1.800999999999999934e+00 -1.468707153292570400e+00 1.435744686467859133e+00
1.850999999999999979e+00 -1.493746221214941050e+00 -1.688938515306714905e-02
1.901000000000000023e+00 -1.467018214777263685e+00 -1.168412348895795372e+00
1.951000000000000068e+00 -1.376904986325361513e+00 -2.520017945584260843e+00
2.000999999999999890e+00 -1.215016420218837601e+00 -3.385392806443405789e+00
2.051000000000000156e+00 -1.038365705681020934e+00 -3.498653922107617387e+00
2.100999999999999979e+00 -8.651510280080758619e-01 -3.584062665752092425e+00
2.150999999999999801e+00 -6.799594391058116916e-01 -3.738822111764832812e+00
2.201000000000000068e+00 -4.912688168315925696e-01 -3.661075313923954688e+00
2.250999999999999890e+00 -3.138519077134162005e-01 -3.306247568625509725e+00
2.301000000000000156e+00 -1.606440599690415749e-01 -2.849228149135035970e+00
2.350999999999999979e+00 -2.892909279991259103e-02 -2.740124611779386488e+00
2.401000000000000245e+00 1.133684012088970461e-01 -2.537652236650647541e+00
2.451000000000000068e+00 2.248361308651521950e-01 -2.026668031858031238e+00
2.500999999999999890e+00 3.160352043947001754e-01 -1.717731523543465366e+00
2.551000000000000156e+00 3.966092832194987317e-01 -1.635867611152964640e+00
2.600999999999999979e+00 4.796219655099966395e-01 -1.569255521585913860e+00
2.651000000000000245e+00 5.535348353780901176e-01 -1.265418879029923005e+00
2.701000000000000068e+00 6.061638534129889511e-01 -7.903981929366465931e-01
2.750999999999999890e+00 6.325746546717547769e-01 -5.384727387207777216e-01
2.801000000000000156e+00 6.600111272850667232e-01 -3.430274381734865763e-01
2.850999999999999979e+00 6.668773984891034345e-01 1.197938013176935712e-01
2.901000000000000245e+00 6.480317471532973661e-01 5.817064666122440109e-01
2.951000000000000068e+00 6.087067518278790335e-01 8.568070777485514711e-01
3.000999999999999890e+00 5.623510393784422190e-01 9.480302952417773987e-01
3.051000000000000156e+00 5.139037223037012936e-01 1.075051973333291944e+00
3.100999999999999979e+00 4.548458420451130246e-01 1.267373166885317648e+00
3.151000000000000245e+00 3.871664056151695177e-01 1.224886283876134740e+00
3.201000000000000068e+00 3.323572136574995395e-01 1.034653483959172560e+00
3.250999999999999890e+00 2.837010572192522617e-01 9.045098624432845735e-01
3.301000000000000156e+00 2.419062274131710821e-01 7.693456888223243473e-01
3.350999999999999979e+00 2.067664883370198270e-01 6.446352023866033232e-01
3.401000000000000245e+00 1.774427071745107443e-01 4.869867145586162516e-01
3.451000000000000068e+00 1.580678168811582018e-01 3.121309496394167327e-01
3.500999999999999890e+00 1.462296122105690710e-01 2.306030217460389165e-01
3.551000000000000156e+00 1.350075147065543102e-01 1.582086274796656866e-01
3.600999999999999979e+00 1.304087494626025023e-01 6.869719052817718774e-02
3.651000000000000245e+00 1.281377956537365914e-01 2.948344899456833978e-02
3.701000000000000068e+00 1.274604045631456684e-01 1.698106295787038533e-02
3.750999999999999890e+00 1.264396893579495529e-01 2.997527975693567437e-02
3.801000000000000156e+00 1.244628765874521009e-01 9.208496615484201842e-02
3.850999999999999979e+00 1.172311927424653510e-01 1.574136862878312837e-01
3.901000000000000245e+00 1.087215079586689725e-01 1.695198096270705834e-01
3.951000000000000068e+00 1.002792117797582927e-01 1.705164524018798478e-01
4.001000000000000334e+00 9.166986271848098777e-02 1.551309894249726373e-01
4.051000000000000156e+00 8.476611283726102897e-02 1.629475030850760509e-01
4.101000000000000867e+00 7.537511240997338269e-02 1.566204225058707988e-01
4.151000000000000689e+00 6.910407058667394908e-02 6.450826687179805896e-02
4.201000000000000512e+00 6.892428572279357679e-02 2.570331151260457636e-02
4.251000000000000334e+00 6.653373943541349145e-02 6.898220019261276648e-02
4.301000000000000156e+00 6.202606570353230014e-02 9.440149839079856053e-02
4.351000000000000867e+00 5.709358959633363539e-02 1.054846849205158532e-01
4.401000000000000689e+00 5.147759721148071482e-02 1.070101671553636696e-01
4.451000000000000512e+00 4.639257288079726843e-02 1.232576609949796037e-01
4.501000000000000334e+00 3.915183111198275445e-02 1.423319521914762076e-01
4.551000000000000156e+00 3.215937766164964767e-02 1.163046261661128400e-01
4.601000000000000867e+00 2.752136849537147045e-02 1.089326233678071798e-01
4.651000000000000689e+00 2.126611532486892900e-02 1.219808291585643412e-01
4.701000000000000512e+00 1.532328557951503564e-02 1.060468104693827185e-01
4.751000000000000334e+00 1.066143427793065680e-02 8.332176274973977781e-02
4.801000000000001044e+00 6.991109304541057862e-03 6.823459229258251046e-02
4.851000000000000867e+00 3.837975048672404629e-03 5.305504300246063898e-02
4.901000000000000689e+00 1.685605004294993790e-03 3.696516696565257248e-02
4.951000000000000512e+00 1.414583521071470008e-04 1.456546340940617287e-02
5.001000000000000334e+00 2.290586633543764488e-04 -1.752006224944588960e-03
