1.000000000000000021e-03 1.879933626488975165e+02 2.558067577411463844e+01
5.100000000000000366e-02 1.867143288601917845e+02 5.116135154823012954e+01
1.010000000000000064e-01 1.828772274940745035e+02 1.023227030964608275e+02
1.510000000000000231e-01 1.764820585505457018e+02 1.534840546446915255e+02
2.010000000000000120e-01 1.675288220296053510e+02 1.790647304188070166e+02
2.510000000000000009e-01 1.585755855086650001e+02 1.790647304188070166e+02
3.010000000000000453e-01 1.496223489877246493e+02 1.790647304188070166e+02
3.510000000000000342e-01 1.406691124667842985e+02 1.790647304188070166e+02
4.010000000000000231e-01 1.317158759458439476e+02 1.790647304188070166e+02
4.510000000000000120e-01 1.227626394249035968e+02 1.790647304188068745e+02
5.010000000000000009e-01 1.138094029039632602e+02 1.790647304188070166e+02
5.510000000000000453e-01 1.048561663830228952e+02 1.790647304188070166e+02
6.010000000000000897e-01 9.590292986208255854e+01 1.790647304188068745e+02
6.510000000000000231e-01 8.694969334114220771e+01 1.790647304188070166e+02
7.010000000000000675e-01 7.799645682020185689e+01 1.790647304188070166e+02
7.510000000000000009e-01 6.904322029926150606e+01 1.790647304188068745e+02
8.010000000000000453e-01 6.008998377832116944e+01 1.844878499618083367e+02
8.510000000000000897e-01 5.059443530308067238e+01 1.850582712474262905e+02
9.010000000000000231e-01 4.158415665357853896e+01 1.720243291262652576e+02
9.510000000000000675e-01 3.339200239045414520e+01 1.550077632320110297e+02
1.000999999999999890e+00 2.608338033037743386e+01 1.368833372177458614e+02
1.050999999999999934e+00 1.970366866867955835e+01 1.176717781195104493e+02
1.100999999999999979e+00 1.431620251842638858e+01 9.715215613142413531e+01
1.151000000000000023e+00 9.988453055537144465e+00 7.061071727577586898e+01
1.201000000000000068e+00 7.255130790848801858e+00 4.850476772113518109e+01
1.250999999999999890e+00 5.137976283423626001e+00 3.919721444173234204e+01
1.300999999999999934e+00 3.335409346675567654e+00 3.316670197634938688e+01
1.350999999999999979e+00 1.821306085788687357e+00 2.754475386279139570e+01
1.401000000000000023e+00 5.809339603964280840e-01 2.269387018617644358e+01
1.451000000000000068e+00 -4.480809328289568905e-01 1.876612401227589899e+01
1.500999999999999890e+00 -1.295678440831161904e+00 1.475527753720870550e+01
1.550999999999999934e+00 -1.923608686549827418e+00 1.054429646828501177e+01
1.600999999999999979e+00 -2.350108087659663170e+00 6.814560398142717190e+00
1.651000000000000023e+00 -2.605064726364099137e+00 3.682931115246832476e+00
1.701000000000000068e+00 -2.718401199184346417e+00 1.061814032052650347e+00
1.750999999999999890e+00 -2.711246129569364172e+00 -1.553777624064789364e+00
1.800999999999999934e+00 -2.563023436777867481e+00 -3.588756694710246720e+00
1.850999999999999979e+00 -2.352370460098339500e+00 -4.645264725630173785e+00
1.901000000000000023e+00 -2.098496964214850102e+00 -4.933739622753630094e+00
1.951000000000000068e+00 -1.858996497822976490e+00 -5.005500942326423619e+00
2.000999999999999890e+00 -1.597946869982207696e+00 -4.997927635980312644e+00
2.051000000000000156e+00 -1.359203734224945226e+00 -4.318959526682060179e+00
2.100999999999999979e+00 -1.166050917314001678e+00 -3.331644478537725274e+00
2.150999999999999801e+00 -1.026039286371172699e+00 -2.839607351367193555e+00
2.201000000000000068e+00 -8.820901821772823004e-01 -2.569122547200782591e+00
2.250999999999999890e+00 -7.691270316510944172e-01 -2.233572408665064124e+00
2.301000000000000156e+00 -6.587329413107758658e-01 -1.706272246687449146e+00
2.350999999999999979e+00 -5.984998069823495026e-01 -1.302548432460990391e+00
2.401000000000000245e+00 -5.284780980646768267e-01 -1.557301509710331544e+00
2.451000000000000068e+00 -4.427696560113163482e-01 -1.600356611573138688e+00
2.500999999999999890e+00 -3.684424369073629468e-01 -1.381126847652823120e+00
2.551000000000000156e+00 -3.046569712460340251e-01 -1.448178111499098364e+00
2.600999999999999979e+00 -2.236246257574530938e-01 -1.654185242676840195e+00
2.651000000000000245e+00 -1.392384469783500001e-01 -1.776807339733093682e+00
2.701000000000000068e+00 -4.594389178414371583e-02 -1.574861937229915521e+00
2.750999999999999890e+00 1.824774674464156241e-02 -9.583288572682386874e-01
2.801000000000000156e+00 4.988899394268015569e-02 -5.939540619401841859e-01
2.850999999999999979e+00 7.764315293865999001e-02 -2.109782844477887109e-01
2.901000000000000245e+00 7.098682238745902817e-02 5.577428734645922814e-01
2.951000000000000068e+00 2.186886559220076187e-02 1.162664833363716177e+00
3.000999999999999890e+00 -4.527966094891260063e-02 1.521302238538193574e+00
3.051000000000000156e+00 -1.302613582616186094e-01 1.686905900854919649e+00
3.100999999999999979e+00 -2.139702510344045905e-01 1.618671101641405707e+00
3.151000000000000245e+00 -2.921284684257591802e-01 1.514717447953164431e+00
3.201000000000000068e+00 -3.654419958297210336e-01 1.275063580625594328e+00
3.250999999999999890e+00 -4.196348264883186241e-01 9.197061035347614544e-01
3.301000000000000156e+00 -4.574126061831971790e-01 6.612041346170888234e-01
3.350999999999999979e+00 -4.857552399500275064e-01 4.222458316023186553e-01
3.401000000000000245e+00 -4.996371893434290445e-01 1.908754856325273197e-01
3.451000000000000068e+00 -5.048427885132802384e-01 -1.146818072858257764e-01
3.500999999999999890e+00 -4.881690086148464669e-01 -3.937141560126039552e-01
3.551000000000000156e+00 -4.654713729120198429e-01 -4.232158496373961132e-01
3.600999999999999979e+00 -4.458474236511068556e-01 -4.987606074889067154e-01
3.651000000000000245e+00 -4.155953121631291713e-01 -6.880217142128863816e-01
3.701000000000000068e+00 -3.770452522298182174e-01 -8.595834042181255130e-01
3.750999999999999890e+00 -3.296369717413166200e-01 -9.437929643932491119e-01
3.801000000000000156e+00 -2.826659557904933062e-01 -9.560057629743445862e-01
3.850999999999999979e+00 -2.340363954438821614e-01 -9.563749685467317629e-01
3.901000000000000245e+00 -1.870284589358201244e-01 -9.297431565864805458e-01
3.951000000000000068e+00 -1.410620797852341068e-01 -7.761859989459665154e-01
4.001000000000000334e+00 -1.094098590412234673e-01 -5.516155039948434924e-01
4.051000000000000156e+00 -8.590052938574975483e-02 -3.910801722899770461e-01
4.101000000000000867e+00 -7.030184181222576267e-02 -2.904064838568119478e-01
4.151000000000000689e+00 -5.685988100006855728e-02 -1.558595858923024491e-01
4.201000000000000512e+00 -5.471588322299551777e-02 -2.634319036950036330e-02
4.251000000000000334e+00 -5.422556196311852095e-02 -2.890625782451548831e-02
4.301000000000000156e+00 -5.182525744054396893e-02 -1.069680890742538693e-01
4.351000000000000867e+00 -4.352875305569313402e-02 -1.276719012170122181e-01
4.401000000000000689e+00 -3.905806731884274574e-02 -4.844153457645876404e-02
4.451000000000000512e+00 -3.868459959804725762e-02 -2.147992533921998237e-02
4.501000000000000334e+00 -3.691007478492074750e-02 -4.773325615142237632e-02
4.551000000000000156e+00 -3.391127398290501999e-02 -1.911033752057568480e-02
4.601000000000000867e+00 -3.499904103286317902e-02 4.617545705026607217e-03
4.651000000000000689e+00 -3.437302855340768071e-02 -4.836884300687460669e-02
4.701000000000000512e+00 -3.016215673217571835e-02 -1.044476868259789498e-01
4.751000000000000334e+00 -2.392825987080978573e-02 -1.348750144846199150e-01
4.801000000000001044e+00 -1.667465528371372616e-02 -1.280250863071893952e-01
4.851000000000000867e+00 -1.112575124009084621e-02 -1.045052766728868654e-01
4.901000000000000689e+00 -6.224127616425039790e-03 -9.084583091861835047e-02
4.951000000000000512e+00 -2.041168148229009684e-03 -6.224127616425039616e-02
5.001000000000000334e+00 -1.355252715606880543e-20 -4.082336296458018848e-02
