0.000000000000000000e+00 5.056248903676274153e+02 7.801926654007256445e+01
1.578689775673262907e-02 5.043932081837040187e+02 1.529177624185293496e+02
3.157379551346525814e-02 5.007966962066481074e+02 2.933524421906477073e+02
4.736069327019788722e-02 4.951309581606008692e+02 4.088209566699495667e+02
6.314759102693051629e-02 4.878886669191318788e+02 4.868402232100131641e+02
7.893448878366314536e-02 4.797595645052381315e+02 5.149271591644364889e+02
9.472138654039577443e-02 4.716304620913443841e+02 4.805986818868085493e+02
1.105082842971284035e-01 4.645852399993030986e+02 4.462702046091788475e+02
1.262951820538610326e-01 4.575400179072618698e+02 4.462702046091788475e+02
1.420820798105936755e-01 4.504947958152205842e+02 4.462702046091788475e+02
1.578689775673262907e-01 4.434495737231793555e+02 4.462702046091770853e+02
1.736558753240589059e-01 4.364043516311381268e+02 4.462702046091788475e+02
1.894427730807915489e-01 4.293591295390968412e+02 4.462702046091806665e+02
2.052296708375241918e-01 4.223139074470555556e+02 4.462702046091806665e+02
2.210165685942568070e-01 4.152686853550142700e+02 4.462702046091770853e+02
2.368034663509894222e-01 4.082234632629730982e+02 4.462702046091770853e+02
2.525903641077220652e-01 4.011782411709318126e+02 4.462702046091806665e+02
2.683772618644547081e-01 3.941330190788905270e+02 4.462702046091788475e+02
2.841641596211873511e-01 3.870877969868492983e+02 4.462702046091788475e+02
2.999510573779199385e-01 3.800425748948080127e+02 4.462702046091806665e+02
3.157379551346525814e-01 3.729973528027667271e+02 4.462702046091788475e+02
3.315248528913852244e-01 3.659521307107254984e+02 4.462702046091788475e+02
3.473117506481178118e-01 3.589069086186842128e+02 4.462702046091770853e+02
3.630986484048504548e-01 3.518616865266430409e+02 4.462702046091770853e+02
3.788855461615830977e-01 3.448164644346017553e+02 4.462702046091806665e+02
3.946724439183157407e-01 3.377712423425604698e+02 4.462702046091788475e+02
4.104593416750483836e-01 3.307260202505192410e+02 4.462702046091788475e+02
4.262462394317809711e-01 3.236807981584779554e+02 4.462702046091806665e+02
4.420331371885136140e-01 3.166355760664366699e+02 4.462702046091770853e+02
4.578200349452462570e-01 3.095903539743954980e+02 4.462702046091752663e+02
4.736069327019788444e-01 3.025451318823542692e+02 4.462702046091806665e+02
4.893938304587114874e-01 2.954999097903129268e+02 4.462702046091806665e+02
5.051807282154441303e-01 2.884546876982716981e+02 4.462702046091788475e+02
5.209676259721767178e-01 2.814094656062304125e+02 4.462702046091806665e+02
5.367545237289094162e-01 2.743642435141891269e+02 4.462702046091788475e+02
5.525414214856420037e-01 2.673190214221478982e+02 4.462702046091788475e+02
5.683283192423747021e-01 2.602737993301066126e+02 4.462702046091779380e+02
5.841152169991072896e-01 2.532285772380654123e+02 4.462702046091770853e+02
5.999021147558398770e-01 2.461833551460241551e+02 4.462702046091815760e+02
6.156890125125725755e-01 2.391381330539828127e+02 4.462702046091806665e+02
6.314759102693051629e-01 2.320929109619415840e+02 4.462702046091779380e+02
6.472628080260377503e-01 2.250476888699003268e+02 4.462702046091779380e+02
6.630497057827704488e-01 2.180024667778590981e+02 4.462702046091779380e+02
6.788366035395030362e-01 2.109572446858178409e+02 4.462702046091788475e+02
6.946235012962356237e-01 2.039120225937765838e+02 4.462702046091788475e+02
7.104103990529683221e-01 1.968668005017353266e+02 4.462702046091788475e+02
7.261972968097009096e-01 1.898215784096940695e+02 4.462702046091788475e+02
7.419841945664336080e-01 1.827763563176528123e+02 4.462702046091779380e+02
7.577710923231661955e-01 1.757311342256115836e+02 4.462702046091806665e+02
7.735579900798987829e-01 1.686859121335702412e+02 4.462702046091806665e+02
7.893448878366314814e-01 1.616406900415290124e+02 4.462702046091770853e+02
8.051317855933640688e-01 1.545954679494877837e+02 4.462702046091797570e+02
8.209186833500967673e-01 1.475502458574464697e+02 4.462702046091806665e+02
8.367055811068293547e-01 1.405050237654052125e+02 4.462702046091770853e+02
8.524924788635619421e-01 1.334598016733640122e+02 4.500988113155044061e+02
8.682793766202946406e-01 1.262936959360756930e+02 4.462702046091797570e+02
8.840662743770272280e-01 1.193693574892814695e+02 4.252053905470706354e+02
8.998531721337598155e-01 1.128683478837193519e+02 4.254603479709250564e+02
9.156400698904925139e-01 1.059359594633597084e+02 4.523432466500668738e+02
9.314269676472251014e-01 9.858615471209316183e+01 4.831908638674595409e+02
9.472138654039576888e-01 9.067978993363391282e+01 5.071892776970001933e+02
9.630007631606903873e-01 8.257226417146593178e+01 5.169554673284749242e+02
9.787876609174229747e-01 7.435754371863677648e+01 5.177714217905941041e+02
9.945745586741556732e-01 6.622425517713354282e+01 4.997143016289381308e+02
1.010361456430888261e+00 5.857966654385058547e+01 4.601480203008199510e+02
1.026148354187620848e+00 5.169563567822959271e+01 4.068234124038430082e+02
1.041935251944353436e+00 4.573470731052150029e+01 3.444613562263336348e+02
1.057722149701086245e+00 4.081968325444842094e+01 2.663988730064765491e+02
1.073509047457818832e+00 3.732348376919740929e+01 1.876248022091240273e+02
1.089295945214551420e+00 3.489565611624317398e+01 1.469064890265040049e+02
1.105082842971284007e+00 3.268508832507344408e+01 1.275517418428387515e+02
1.120869740728016595e+00 3.086836350191107314e+01 1.101230796731645682e+02
1.136656638484749404e+00 2.920808472615990325e+01 9.527274136387364933e+01
1.152443536241481992e+00 2.786024144808086334e+01 8.408842516653548671e+01
1.168230433998214579e+00 2.655309398490238593e+01 7.995403500286178655e+01
1.184017331754947167e+00 2.533578909642406174e+01 6.955675818766066243e+01
1.199804229511679754e+00 2.435692312530563797e+01 5.684662694417211526e+01
1.215591127268412341e+00 2.354092532165852703e+01 4.806895505175765493e+01
1.231378025025145151e+00 2.283920376795548890e+01 4.023738896960539080e+01
1.247164922781877738e+00 2.227047823033644391e+01 3.086276906904596729e+01
1.262951820538610326e+00 2.186474900839013102e+01 2.030332310725446021e+01
1.278738718295342913e+00 2.162942525830417750e+01 7.502873070834585434e+00
1.294525616052075501e+00 2.162785482828811467e+01 -6.203205087204368695e+00
1.310312513808808310e+00 2.182528398725565566e+01 -1.921751480863055050e+01
1.326099411565540898e+00 2.223462471113280614e+01 -3.285450659649561089e+01
1.341886309322273485e+00 2.286262546022920361e+01 -4.464779605349866642e+01
1.357673207079006072e+00 2.364432509385287418e+01 -5.496607428804811235e+01
1.373460104835738660e+00 2.459811304997797521e+01 -6.362728159112602810e+01
1.389247002592471247e+00 2.565327987188875980e+01 -6.779206146706421521e+01
1.405033900349204057e+00 2.673856573617532817e+01 -6.793546484651560036e+01
1.420820798105936644e+00 2.779826034706485061e+01 -6.307934557299455491e+01
1.436607695862669232e+00 2.873022009442026814e+01 -5.223695260794275441e+01
1.452394593619401819e+00 2.944757920695461095e+01 -4.187939965614835813e+01
1.468181491376134407e+00 3.005251169539018363e+01 -3.325342475462550595e+01
1.483968389132867216e+00 3.049751604027956020e+01 -2.433174962375473527e+01
1.499755286889599804e+00 3.082075738249545083e+01 -1.761171210076253146e+01
1.515542184646332391e+00 3.105358463679105796e+01 -1.477999406535821869e+01
1.531329082403064978e+00 3.128741789280530128e+01 -1.584743027108184243e+01
1.547115980159797566e+00 3.155394815958409538e+01 -1.775773822348171649e+01
1.562902877916530375e+00 3.184809708825515884e+01 -1.603606806102572335e+01
1.578689775673262963e+00 3.206026769338293292e+01 -9.378620853138182056e+00
1.594476673429995550e+00 3.214421574527046488e+01 2.813820028937434881e-01
1.610263571186728138e+00 3.205138339556239657e+01 1.257551853126646968e+01
1.626050468943460725e+00 3.174715889468846441e+01 2.381357017074889981e+01
1.641837366700193535e+00 3.129949860054561483e+01 3.055414756669638265e+01
1.657624264456926122e+00 3.078244848732935068e+01 3.812433974770127776e+01
1.673411162213658709e+00 3.009576849326581893e+01 4.506467220826150566e+01
1.689198059970391297e+00 2.935958574214436112e+01 4.765123545849320408e+01
1.704984957727123884e+00 2.859123812893536964e+01 4.878643006946539629e+01
1.720771855483856472e+00 2.781921297529908799e+01 4.870451654803868990e+01
1.736558753240589281e+00 2.705345168286541124e+01 5.064331013219602795e+01
1.752345650997321869e+00 2.622021145706012746e+01 5.698968342808871768e+01
1.768132548754054456e+00 2.525407107192981826e+01 6.320012942599502281e+01
1.783919446510787044e+00 2.422474349413922212e+01 6.581495370766450037e+01
1.799706344267519631e+00 2.317604318183583700e+01 6.516824940600039895e+01
1.815493242024252440e+00 2.216713451342366170e+01 6.221484762040006444e+01
1.831280139780985028e+00 2.121168430516792469e+01 5.982144055980288044e+01
1.847067037537717615e+00 2.027834458186752897e+01 5.705050374953996339e+01
1.862853935294450203e+00 1.941038336583976687e+01 5.172766844560208455e+01
1.878640833051182790e+00 1.864510575597775954e+01 4.636083101889649782e+01
1.894427730807915378e+00 1.794659596741481167e+01 4.459941090389391860e+01
1.910214628564648187e+00 1.723693307607720016e+01 4.378367817528665284e+01
1.926001526321380775e+00 1.656417906588093913e+01 4.311570700835289216e+01
1.941788424078113362e+00 1.587560655957698508e+01 4.470330178137104582e+01
1.957575321834845949e+00 1.515272615665920242e+01 4.587449667408233012e+01
1.973362219591578537e+00 1.442717458230636751e+01 4.693438234541670084e+01
1.989149117348311346e+00 1.367082956593422161e+01 4.889386875644375863e+01
2.004936015105043712e+00 1.288340956832820439e+01 5.135591483077894281e+01
2.020722912861776521e+00 1.204932841266026955e+01 5.301503821279887774e+01
2.036509810618509331e+00 1.120952359265874598e+01 5.180058929902101283e+01
2.052296708375241696e+00 1.041378719865598335e+01 4.969707922998875915e+01
2.068083606131974506e+00 9.640398175434599537e+00 4.778243147547719616e+01
2.083870503888706871e+00 8.905114478113100418e+00 4.496541437650780892e+01
2.099657401645439680e+00 8.220669376732510969e+00 3.951325393430653321e+01
2.115444299402172490e+00 7.657531078319679274e+00 3.206900614488013446e+01
2.131231197158904855e+00 7.208129134394004822e+00 2.505950795082625149e+01
2.147018094915637665e+00 6.866307298612234433e+00 1.765526199072761315e+01
2.162804992672370030e+00 6.650685502562115659e+00 1.007539666567355674e+01
2.178591890429102840e+00 6.548188784573207855e+00 3.124357227408064208e+00
2.194378788185835649e+00 6.552037686352916168e+00 -2.912036273087105887e+00
2.210165685942568015e+00 6.640132822387453615e+00 -7.894161844300942477e+00
2.225952583699300824e+00 6.801286338175073887e+00 -1.250718492066885901e+01
2.241739481456033189e+00 7.035032121521748394e+00 -1.598394866547361381e+01
2.257526379212765999e+00 7.305960264836463658e+00 -1.802235112370526338e+01
2.273313276969498808e+00 7.604066150573489224e+00 -1.931358846234572013e+01
2.289100174726231174e+00 7.915763557577789378e+00 -1.998441687414878132e+01
2.304887072482963983e+00 8.235050042413707416e+00 -1.971587710892039169e+01
2.320673970239696349e+00 8.538268629783452468e+00 -1.793838726190401189e+01
2.336460867996429158e+00 8.801433013662414595e+00 -1.566239654034334094e+01
2.352247765753161524e+00 9.032789935399058834e+00 -1.306416848036998601e+01
2.368034663509894333e+00 9.213918397815074712e+00 -1.076447703097905695e+01
2.383821561266627143e+00 9.372665331984585180e+00 -9.312155060495106440e+00
2.399608459023359508e+00 9.507938477484827899e+00 -7.942513394484612022e+00
2.415395356780092317e+00 9.623440625765001144e+00 -6.870323433410050917e+00
2.431182254536824683e+00 9.724860664682685396e+00 -5.107785627158500930e+00
2.446969152293557492e+00 9.784712804683520559e+00 -2.617426956608275290e+00
2.462756050050290302e+00 9.807502768182066788e+00 -3.609086822200105460e-01
2.478542947807022667e+00 9.796108061614969387e+00 1.840690262265437083e+00
2.494329845563755477e+00 9.749385190237671139e+00 4.772828462871011368e+00
2.510116743320487842e+00 9.645411751707433368e+00 8.839413988992063764e+00
2.525903641077220652e+00 9.470291340490371468e+00 1.270154809385497963e+01
2.541690538833953461e+00 9.244375669487611802e+00 1.571691732091519178e+01
2.557477436590685826e+00 8.974048606897754965e+00 1.745063870083671986e+01
2.573264334347418636e+00 8.693392771568030142e+00 1.889368232027959849e+01
2.589051232104151001e+00 8.377503344820873110e+00 2.123200623557191591e+01
2.604838129860883811e+00 8.023017748345463218e+00 2.316497874428372938e+01
2.620625027617616620e+00 7.646097042875089400e+00 2.410968325496133602e+01
2.636411925374348986e+00 7.261783539358896533e+00 2.351219508817691661e+01
2.652198823131081795e+00 6.903727803088289150e+00 2.157475830276069217e+01
2.667985720887814161e+00 6.580586532455093618e+00 1.901402772777050743e+01
2.683772618644546970e+00 6.303382779724304719e+00 1.631563694724945890e+01
2.699559516401279780e+00 6.065439947810700616e+00 1.326032366560494324e+01
2.715346414158012145e+00 5.884704031864130158e+00 8.504809356093810280e+00
2.731133311914744954e+00 5.796910836320388505e+00 3.109146288885304976e+00
2.746920209671477320e+00 5.786536482717416163e+00 -1.724732118558210514e+00
2.762707107428210129e+00 5.851367175547251165e+00 -6.384951731623162985e+00
2.778494005184942495e+00 5.988133643055031818e+00 -1.163163084149429061e+01
2.794280902941675304e+00 6.218621909224707700e+00 -1.779074094061614275e+01
2.810067800698408114e+00 6.549854859547080466e+00 -2.402054054325093801e+01
2.825854698455140479e+00 6.977041544460214517e+00 -3.060825210963800558e+01
2.841641596211873289e+00 7.516273552681382419e+00 -3.617419386333520492e+01
2.857428493968605654e+00 8.119198144365610048e+00 -3.999935617147688305e+01
2.873215391725338463e+00 8.779205045109858219e+00 -4.188268095879583797e+01
2.889002289482071273e+00 9.441593348514334849e+00 -4.357196899508051047e+01
2.904789187238803638e+00 1.015493748427957854e+01 -4.534622912136763517e+01
2.920576084995536448e+00 1.087334591409913997e+01 -4.465154927465662382e+01
2.936362982752268813e+00 1.156475637043700466e+01 -4.259947054084667428e+01
2.952149880509001623e+00 1.221837288593772008e+01 -4.026343711792489444e+01
2.967936778265734432e+00 1.283602590066763227e+01 -3.511463126671885249e+01
2.983723676022466798e+00 1.332707507308383477e+01 -2.516376276183970973e+01
2.999510573779199607e+00 1.363054140045931106e+01 -1.887341595925456872e+01
3.015297471535931972e+00 1.392298044922191025e+01 -1.634001462961376561e+01
3.031084369292664782e+00 1.414645768106176682e+01 -1.246078250057323444e+01
3.046871267049397591e+00 1.431641464783277584e+01 -1.197144186963533130e+01
3.062658164806129957e+00 1.452444153865496901e+01 -1.682421013408372090e+01
3.078445062562862766e+00 1.484761881828190511e+01 -2.885816920297804700e+01
3.094231960319595132e+00 1.543560347196277860e+01 -3.990607873521364724e+01
3.110018858076327941e+00 1.610760518801178520e+01 -4.869588075362285906e+01
3.125805755833060751e+00 1.697311725322575526e+01 -5.998831882064712318e+01
3.141592653589793116e+00 1.800166409965145675e+01 -6.515192929447191261e+01
