0.000000000000000000e+00 3.179045691482970710e+02 3.206873122700469025e+01
1.578689775673262907e-02 3.173983033672282090e+02 6.285471320493424230e+01
3.157379551346525814e-02 3.159200072865069728e+02 1.205784294135534935e+02
4.736069327019788722e-02 3.135911846935898666e+02 1.680401516295265480e+02
6.314759102693051629e-02 3.106143419009046056e+02 2.001088828565330573e+02
7.893448878366314536e-02 3.072729877458497185e+02 2.116536260982579734e+02
9.472138654039577443e-02 3.039316335907947746e+02 1.975433843583755618e+02
1.105082842971284035e-01 3.010357933230804974e+02 1.834331426184895406e+02
1.262951820538610326e-01 2.981399530553662771e+02 1.834331426184895406e+02
1.420820798105936755e-01 2.952441127876520000e+02 1.834331426184913312e+02
1.578689775673262907e-01 2.923482725199377228e+02 1.834331426184877216e+02
1.736558753240589059e-01 2.894524322522235593e+02 1.834331426184895406e+02
1.894427730807915489e-01 2.865565919845092253e+02 1.834331426184931217e+02
2.052296708375241918e-01 2.836607517167949482e+02 1.834331426184895406e+02
2.210165685942568070e-01 2.807649114490807278e+02 1.834331426184895406e+02
2.368034663509894222e-01 2.778690711813664507e+02 1.834331426184895406e+02
2.525903641077220652e-01 2.749732309136522304e+02 1.834331426184895406e+02
2.683772618644547081e-01 2.720773906459379532e+02 1.834331426184913312e+02
2.841641596211873511e-01 2.691815503782236760e+02 1.834331426184895406e+02
2.999510573779199385e-01 2.662857101105094557e+02 1.834331426184859311e+02
3.157379551346525814e-01 2.633898698427952922e+02 1.834331426184877216e+02
3.315248528913852244e-01 2.604940295750810151e+02 1.834331426184913312e+02
3.473117506481178118e-01 2.575981893073667379e+02 1.834331426184904217e+02
3.630986484048504548e-01 2.547023490396524892e+02 1.834331426184904217e+02
3.788855461615830977e-01 2.518065087719382120e+02 1.834331426184895406e+02
3.946724439183157407e-01 2.489106685042239917e+02 1.834331426184877216e+02
4.104593416750483836e-01 2.460148282365097714e+02 1.834331426184904217e+02
4.262462394317809711e-01 2.431189879687954658e+02 1.834331426184922407e+02
4.420331371885136140e-01 2.402231477010811886e+02 1.834331426184913312e+02
4.578200349452462570e-01 2.373273074333669115e+02 1.834331426184886311e+02
4.736069327019788444e-01 2.344314671656527196e+02 1.834331426184877216e+02
4.893938304587114874e-01 2.315356268979384708e+02 1.834331426184913312e+02
5.051807282154441303e-01 2.286397866302241653e+02 1.834331426184922407e+02
5.209676259721767178e-01 2.257439463625098881e+02 1.834331426184886311e+02
5.367545237289094162e-01 2.228481060947956962e+02 1.834331426184886311e+02
5.525414214856420037e-01 2.199522658270814190e+02 1.834331426184913312e+02
5.683283192423747021e-01 2.170564255593671419e+02 1.834331426184904217e+02
5.841152169991072896e-01 2.141605852916528931e+02 1.834331426184895406e+02
5.999021147558398770e-01 2.112647450239386444e+02 1.834331426184877216e+02
6.156890125125725755e-01 2.083689047562244525e+02 1.834331426184877216e+02
6.314759102693051629e-01 2.054730644885102038e+02 1.834331426184913312e+02
6.472628080260377503e-01 2.025772242207958982e+02 1.834331426184922407e+02
6.630497057827704488e-01 1.996813839530816210e+02 1.834331426184886311e+02
6.788366035395030362e-01 1.967855436853674291e+02 1.834331426184886311e+02
6.946235012962356237e-01 1.938897034176531520e+02 1.834331426184913312e+02
7.104103990529683221e-01 1.909938631499388748e+02 1.834331426184895406e+02
7.261972968097009096e-01 1.880980228822246545e+02 1.834331426184895406e+02
7.419841945664336080e-01 1.852021826145103773e+02 1.834331426184904217e+02
7.577710923231661955e-01 1.823063423467961286e+02 1.834331426184895406e+02
7.735579900798987829e-01 1.794105020790818799e+02 1.834331426184904217e+02
7.893448878366314814e-01 1.765146618113676027e+02 1.834331426184904217e+02
8.051317855933640688e-01 1.736188215436533540e+02 1.834331426184886311e+02
8.209186833500967673e-01 1.707229812759391336e+02 1.834331426184886311e+02
8.367055811068293547e-01 1.678271410082248849e+02 1.834331426184904217e+02
8.524924788635619421e-01 1.649313007405106077e+02 1.834331426184904217e+02
8.682793766202946406e-01 1.620354604727963590e+02 1.834331426184895406e+02
8.840662743770272280e-01 1.591396202050821103e+02 1.834331426184895406e+02
8.998531721337598155e-01 1.562437799373678615e+02 1.834331426184886311e+02
9.156400698904925139e-01 1.533479396696536412e+02 1.834331426184904217e+02
9.314269676472251014e-01 1.504520994019393356e+02 1.834331426184913312e+02
9.472138654039576888e-01 1.475562591342250869e+02 1.834331426184886311e+02
9.630007631606903873e-01 1.446604188665108666e+02 1.834331426184886311e+02
9.787876609174229747e-01 1.417645785987966178e+02 1.834331426184904217e+02
9.945745586741556732e-01 1.388687383310823407e+02 1.834331426184904217e+02
1.010361456430888261e+00 1.359728980633680919e+02 1.834331426184895406e+02
1.026148354187620848e+00 1.330770577956538432e+02 1.834331426184895406e+02
1.041935251944353436e+00 1.301812175279395944e+02 1.834331426184899669e+02
1.057722149701086245e+00 1.272853772602253315e+02 1.834331426184899669e+02
1.073509047457818832e+00 1.243895369925110828e+02 1.834331426184890859e+02
1.089295945214551420e+00 1.214936967247968482e+02 1.834331426184899669e+02
1.105082842971284007e+00 1.185978564570825711e+02 1.834331426184908764e+02
1.120869740728016595e+00 1.157020161893683081e+02 1.834331426184899669e+02
1.136656638484749404e+00 1.128061759216540594e+02 1.834331426184899669e+02
1.152443536241481992e+00 1.099103356539397964e+02 1.834331426184899669e+02
1.168230433998214579e+00 1.070144953862255477e+02 1.834331426184899669e+02
1.184017331754947167e+00 1.041186551185112847e+02 1.834331426184899669e+02
1.199804229511679754e+00 1.012228148507970360e+02 1.834331426184895406e+02
1.215591127268412341e+00 9.832697458308278726e+01 1.834331426184890859e+02
1.231378025025145151e+00 9.543113431536855273e+01 1.834331426184895406e+02
1.247164922781877738e+00 9.253529404765428978e+01 1.834331426184904217e+02
1.262951820538610326e+00 8.963945377994002683e+01 1.834331426184895406e+02
1.278738718295342913e+00 8.674361351222579231e+01 1.834331426184899669e+02
1.294525616052075501e+00 8.384777324451151514e+01 1.834331426184899669e+02
1.310312513808808310e+00 8.095193297679728062e+01 1.806675587994586465e+02
1.326099411565540898e+00 7.814341268706044730e+01 1.834331426184899669e+02
1.341886309322273485e+00 7.516025244136876893e+01 1.872300425401960240e+02
1.357673207079006072e+00 7.223184960991889625e+01 1.835422733460696350e+02
1.373460104835738660e+00 6.936512623466342120e+01 1.878609570764735679e+02
1.389247002592471247e+00 6.630036616622244594e+01 1.915184311983190639e+02
1.405033900349204057e+00 6.331816245094803008e+01 1.914049725187750823e+02
1.420820798105936644e+00 6.025698470365420434e+01 1.969822811412354895e+02
1.436607695862669232e+00 5.709868418641873689e+01 2.032803194761451380e+02
1.452394593619401819e+00 5.383865346460250834e+01 2.004893740807367237e+02
1.468181491376134407e+00 5.076847368657091408e+01 1.849062477911338362e+02
1.483968389132867216e+00 4.800046140768311176e+01 1.609046027403760206e+02
1.499755286889599804e+00 4.568810466247091995e+01 1.314860022127902823e+02
1.515542184646332391e+00 4.384894926093343059e+01 1.075773455787705046e+02
1.531329082403064978e+00 4.229147955128543401e+01 8.228231346352524156e+01
1.547115980159797566e+00 4.125098432126123527e+01 5.794419902664049715e+01
1.562902877916530375e+00 4.046196126002675442e+01 5.058703756519864214e+01
1.578689775673262963e+00 3.965375954154566784e+01 4.489327971729600364e+01
1.594476673429995550e+00 3.904451002630405299e+01 4.587363664435186195e+01
1.610263571186728138e+00 3.820535471867789568e+01 5.831681587691132762e+01
1.626050468943460725e+00 3.720322680681005068e+01 6.855127136386899167e+01
1.641837366700193535e+00 3.604093089444702969e+01 7.274216522560713827e+01
1.657624264456926122e+00 3.490648055677002759e+01 7.286395298201520632e+01
1.673411162213658709e+00 3.374033934269013457e+01 7.195761274562103438e+01
1.689198059970391297e+00 3.263450560630266750e+01 6.964288266143299211e+01
1.704984957727123884e+00 3.154144920656979423e+01 6.748868569721238941e+01
1.720771855483856472e+00 3.050363164462635623e+01 6.387356143534857722e+01
1.736558753240589281e+00 2.952471843909333771e+01 6.149835721883513173e+01
1.752345650997321869e+00 2.856189508938481580e+01 6.076103348289511530e+01
1.768132548754054456e+00 2.760626199271759162e+01 6.041231169811629798e+01
1.783919446510787044e+00 2.665444911333276679e+01 6.134246584996082419e+01
1.799706344267519631e+00 2.566944751967920268e+01 6.096837584596010373e+01
1.815493242024252440e+00 2.472944608158432800e+01 5.998684859170033690e+01
1.831280139780985028e+00 2.377543502874765480e+01 6.177726811474087754e+01
1.847067037537717615e+00 2.277890325074898215e+01 6.455643915226202978e+01
1.862853935294450203e+00 2.173714321987667120e+01 6.641589602720186747e+01
1.878640833051182790e+00 2.068190133074254078e+01 6.766563282371889443e+01
1.894427730807915378e+00 1.960068236581134826e+01 6.823296177101845217e+01
1.910214628564648187e+00 1.852752774850631212e+01 6.784906457418688319e+01
1.926001526321380775e+00 1.745842987516607181e+01 6.852993617737109844e+01
1.941788424078113362e+00 1.636377755709117210e+01 7.021352719407001075e+01
1.957575321834845949e+00 1.524152232526137318e+01 7.256716517277082801e+01
1.973362219591578537e+00 1.407255672293424809e+01 7.428338937238099504e+01
1.989149117348311346e+00 1.289611377917069746e+01 7.441259041223175075e+01
2.004936015105043712e+00 1.172306880963119724e+01 7.339800603344080798e+01
2.020722912861776521e+00 1.057866014557474799e+01 7.079357858694440608e+01
2.036509810618509331e+00 9.487846835660581846e+00 6.672041921513029195e+01
2.052296708375241696e+00 8.472043272703546180e+00 6.174808803415390202e+01
2.068083606131974506e+00 7.538225330722755579e+00 5.622359685779929350e+01
2.083870503888706871e+00 6.696850922483883473e+00 4.974210889926920487e+01
2.099657401645439680e+00 5.967678155928709316e+00 4.237788115931807198e+01
2.115444299402172490e+00 5.358820368465642581e+00 3.506657179617668163e+01
2.131231197158904855e+00 4.860493388677978643e+00 2.717493653758196714e+01
2.147018094915637665e+00 4.500804479136633951e+00 1.856025280044698533e+01
2.162804992672370030e+00 4.274475762078444596e+00 1.024774990328741531e+01
2.178591890429102840e+00 4.177244119217103702e+00 2.589101055473635338e+00
2.194378788185835649e+00 4.192728014789222968e+00 -4.443281170004373060e+00
2.210165685942568015e+00 4.317535370287652441e+00 -1.108751669179098798e+01
2.225952583699300824e+00 4.542802999567964406e+00 -1.654051654907058122e+01
2.241739481456033189e+00 4.839782257495095052e+00 -2.073155425862842804e+01
2.257526379212765999e+00 5.197376854406208224e+00 -2.431127416514146589e+01
2.273313276969498808e+00 5.607381456657062557e+00 -2.672257632260476612e+01
2.289100174726231174e+00 6.041110014809099482e+00 -2.743537316768428269e+01
2.304887072482963983e+00 6.473620318889137693e+00 -2.699015649364454461e+01
2.320673970239696349e+00 6.893291696815858849e+00 -2.614055849120990160e+01
2.336460867996429158e+00 7.298976967298377083e+00 -2.475552372110526278e+01
2.352247765753161524e+00 7.674917540614774936e+00 -2.258341905685443507e+01
2.368034663509894333e+00 8.012021222594393421e+00 -1.943579468845157621e+01
2.383821561266627143e+00 8.288579347749639226e+00 -1.604130364468605308e+01
2.399608459023359508e+00 8.518506063641115844e+00 -1.208458632013171652e+01
2.415395356780092317e+00 8.670135605086297659e+00 -7.339753475694318574e+00
2.431182254536824683e+00 8.750249939001934152e+00 -2.852768924993470456e+00
2.446969152293557492e+00 8.760208347771209603e+00 1.528990322795206414e+00
2.462756050050290302e+00 8.701973911207931067e+00 5.831467811631213749e+00
2.478542947807022667e+00 8.576086775543410923e+00 9.542664385415838169e+00
2.494329845563755477e+00 8.400675777249183795e+00 1.189855185729972575e+01
2.510116743320487842e+00 8.200404332294667142e+00 1.372881084034482946e+01
2.525903641077220652e+00 7.967205111133091044e+00 1.577439029584290786e+01
2.541690538833953461e+00 7.702346958744132444e+00 1.709846463451873788e+01
2.557477436590685826e+00 7.427341685168578955e+00 1.790049711388920528e+01
2.573264334347418636e+00 7.137160323280819618e+00 1.859327372488246510e+01
2.589051232104151001e+00 6.840281462653253541e+00 1.954172766640352066e+01
2.604838129860883811e+00 6.520153809961968250e+00 1.979245929292718387e+01
2.620625027617616620e+00 6.215358400229785474e+00 1.907645090892106055e+01
2.636411925374348986e+00 5.917837849841036224e+00 1.840574166792490018e+01
2.652198823131081795e+00 5.634219276533057652e+00 1.754363433301029218e+01
2.667985720887814161e+00 5.363918726847560769e+00 1.652960084461655654e+01
2.683772618644546970e+00 5.112317039545931863e+00 1.507589049808304260e+01
2.699559516401279780e+00 4.887915643077692884e+00 1.377936922334350989e+01
2.715346414158012145e+00 4.677250053383547268e+00 1.205983181099117729e+01
2.731133311914744954e+00 4.507140979550674054e+00 8.406778833524521488e+00
2.746920209671477320e+00 4.411816137566916041e+00 4.676721219415309605e+00
2.762707107428210129e+00 4.359479140095371186e+00 1.348810648028116121e+00
2.778494005184942495e+00 4.369229065979691740e+00 -3.378176523032055290e+00
2.794280902941675304e+00 4.466140994841974354e+00 -1.058241665301630619e+01
2.810067800698408114e+00 4.703356125420318001e+00 -1.814847267308428513e+01
2.825854698455140479e+00 5.039157159903649763e+00 -2.461999667883507215e+01
2.841641596211873289e+00 5.480702866100050308e+00 -3.189880018301186482e+01
2.857428493968605654e+00 6.046323354006954531e+00 -4.140215458446341046e+01
2.873215391725338463e+00 6.787926028766776199e+00 -5.221441412141969352e+01
2.889002289482071273e+00 7.694930588332052679e+00 -6.158816675296022680e+01
2.904789187238803638e+00 8.732498211873942040e+00 -6.914083753059615844e+01
2.920576084995536448e+00 9.877969254152819900e+00 -7.478136278257596814e+01
2.936362982752268813e+00 1.109362966858925681e+01 -7.888562840667059106e+01
2.952149880509001623e+00 1.236868795441624336e+01 -8.227167840277014932e+01
2.967936778265734432e+00 1.369125881902789743e+01 -8.451636436025387411e+01
2.983723676022466798e+00 1.503719036026842204e+01 -8.746877156824770339e+01
2.999510573779199607e+00 1.645297992633775408e+01 -8.764116443650758015e+01
3.015297471535931972e+00 1.780435456474869582e+01 -8.572824449812252112e+01
3.031084369292664782e+00 1.915974598784982774e+01 -8.162520662090129520e+01
3.046871267049397591e+00 2.038157214734138378e+01 -6.935080738691134172e+01
3.062658164806129957e+00 2.134941419897788251e+01 -5.181805754253342400e+01
3.078445062562862766e+00 2.201766490009431010e+01 -3.725256224376910552e+01
3.094231960319595132e+00 2.252561898161528475e+01 -2.597551206341477936e+01
3.110018858076327941e+00 2.283781040634211834e+01 -1.336292787293703022e+01
3.125805755833060751e+00 2.294753733373658378e+01 -2.193496755758204964e-01
3.141592653589793116e+00 2.284473610814469424e+01 6.511806637124000652e+00
