0.000000000000000000e+00 1.072259969382328336e+03 1.825248921946108567e+02
1.578689775673262907e-02 1.069378467571193369e+03 3.577487887014600574e+02
3.157379551346525814e-02 1.060964482282678546e+03 6.862935946517798129e+02
4.736069327019788722e-02 1.047709573951457060e+03 9.564304350998044129e+02
6.314759102693051629e-02 1.030766343301982715e+03 1.138955327294436984e+03
7.893448878366314536e-02 1.011748431348490612e+03 1.204664288484515282e+03
9.472138654039577443e-02 9.927305193949985096e+02 1.124353335918873881e+03
1.105082842971284035e-01 9.762483290353055736e+02 1.044042383353229070e+03
1.262951820538610326e-01 9.597661386756127513e+02 1.044042383353236346e+03
1.420820798105936755e-01 9.432839483159195879e+02 1.044042383353243395e+03
1.578689775673262907e-01 9.268017579562265382e+02 1.044042383353236346e+03
1.736558753240589059e-01 9.103195675965336022e+02 1.044042383353232708e+03
1.894427730807915489e-01 8.938373772368406662e+02 1.044042383353236346e+03
2.052296708375241918e-01 8.773551868771476165e+02 1.044042383353239757e+03
2.210165685942568070e-01 8.608729965174545669e+02 1.044042383353236346e+03
2.368034663509894222e-01 8.443908061577616309e+02 1.044042383353236346e+03
2.525903641077220652e-01 8.279086157980685812e+02 1.044042383353239757e+03
2.683772618644547081e-01 8.114264254383755315e+02 1.044042383353232708e+03
2.841641596211873511e-01 7.949442350786827092e+02 1.044042383353229070e+03
2.999510573779199385e-01 7.784620447189897732e+02 1.044042383353232708e+03
3.157379551346525814e-01 7.619798543592968372e+02 1.044042383353239757e+03
3.315248528913852244e-01 7.454976639996036738e+02 1.044042383353236346e+03
3.473117506481178118e-01 7.290154736399108515e+02 1.044042383353232708e+03
3.630986484048504548e-01 7.125332832802178018e+02 1.044042383353236346e+03
3.788855461615830977e-01 6.960510929205248658e+02 1.044042383353236346e+03
3.946724439183157407e-01 6.795689025608318161e+02 1.044042383353236346e+03
4.104593416750483836e-01 6.630867122011388801e+02 1.044042383353236346e+03
4.262462394317809711e-01 6.466045218414458304e+02 1.044042383353243395e+03
4.420331371885136140e-01 6.301223314817526671e+02 1.044042383353236346e+03
4.578200349452462570e-01 6.136401411220598447e+02 1.044042383353232708e+03
4.736069327019788444e-01 5.971579507623667951e+02 1.044042383353236346e+03
4.893938304587114874e-01 5.806757604026738591e+02 1.044042383353232708e+03
5.051807282154441303e-01 5.641935700429809231e+02 1.044042383353236346e+03
5.209676259721767178e-01 5.477113796832878734e+02 1.044042383353236346e+03
5.367545237289094162e-01 5.312291893235949374e+02 1.044042383353236346e+03
5.525414214856420037e-01 5.147469989639018877e+02 1.044042383353237938e+03
5.683283192423747021e-01 4.982648086042088948e+02 1.044042383353234527e+03
5.841152169991072896e-01 4.817826182445159588e+02 1.044042383353234527e+03
5.999021147558398770e-01 4.653004278848229660e+02 1.044042383353234527e+03
6.156890125125725755e-01 4.488182375251300300e+02 1.044042383353236346e+03
6.314759102693051629e-01 4.323360471654369803e+02 1.044042383353239757e+03
6.472628080260377503e-01 4.158538568057439306e+02 1.044042383353236346e+03
6.630497057827704488e-01 3.993716664460509946e+02 1.044042383353234527e+03
6.788366035395030362e-01 3.828894760863580018e+02 1.044042383353236346e+03
6.946235012962356237e-01 3.664072857266650090e+02 1.044042383353236346e+03
7.104103990529683221e-01 3.499250953669720161e+02 1.044042383353232708e+03
7.261972968097009096e-01 3.334429050072791370e+02 1.044042383353236346e+03
7.419841945664336080e-01 3.169607146475860304e+02 1.044042383353241576e+03
7.577710923231661955e-01 3.004785242878929807e+02 1.044042383353236346e+03
7.735579900798987829e-01 2.839963339282000447e+02 1.044042383353234527e+03
7.893448878366314814e-01 2.675141435685070519e+02 1.044042383353237256e+03
8.051317855933640688e-01 2.510319532088140306e+02 1.044042383353236346e+03
8.209186833500967673e-01 2.345497628491210662e+02 1.044042383353234527e+03
8.367055811068293547e-01 2.180675724894281018e+02 1.044042383353236346e+03
8.524924788635619421e-01 2.015853821297350805e+02 1.039561759096829746e+03
8.682793766202946406e-01 1.852446620840865705e+02 1.044042383353235437e+03
8.840662743770272280e-01 1.686210014103491233e+02 1.067148122366272446e+03
8.998531721337598155e-01 1.515507454859154848e+02 1.085223582121244590e+03
9.156400698904925139e-01 1.343563739420626746e+02 1.080369232616513500e+03
9.314269676472251014e-01 1.174393882562423101e+02 1.051770166026535207e+03
9.472138654039576888e-01 1.011479977927774456e+02 9.948966314280251027e+02
9.630007631606903873e-01 8.602672545849843289e+01 9.045837407468641231e+02
9.787876609174229747e-01 7.258685573763048637e+01 7.873515834645731957e+02
9.945745586741556732e-01 6.116704756498492657e+01 6.526151881868053124e+02
1.010361456430888261e+00 5.198131723683864891e+01 5.115191867003513266e+02
1.026148354187620848e+00 4.501644536289397536e+01 3.749765196925276882e+02
1.041935251944353436e+00 4.014188528171590065e+01 2.540250795217956465e+02
1.057722149701086245e+00 3.699590944678104876e+01 1.747199053929609818e+02
1.073509047457818832e+00 3.462531471670655492e+01 1.365407051739741178e+02
1.089295945214551420e+00 3.268480114235364198e+01 1.124151153065198230e+02
1.105082842971284007e+00 3.107594285339587969e+01 9.911025066858674393e+01
1.120869740728016595e+00 2.955551435445540065e+01 9.946001844234298517e+01
1.136656638484749404e+00 2.793561256933185888e+01 1.022964403354728233e+02
1.152443536241481992e+00 2.632562746554778244e+01 1.003853540608402284e+02
1.168230433998214579e+00 2.476606592766808035e+01 9.639460277346940131e+01
1.184017331754947167e+00 2.328208398897654874e+01 8.930064947262647479e+01
1.199804229511679754e+00 2.194650548199973272e+01 7.899536366460529280e+01
1.215591127268412341e+00 2.078790053011847760e+01 6.487619326886316173e+01
1.231378025025145151e+00 1.989811782203659618e+01 4.818018781108296622e+01
1.247164922781877738e+00 1.926666913237099266e+01 3.346355209379028395e+01
1.262951820538610326e+00 1.884154647107306957e+01 1.848120926629698957e+01
1.278738718295342913e+00 1.868314721015537216e+01 2.566269301695667249e+00
1.294525616052075501e+00 1.876051960890884729e+01 -1.070648295969336239e+01
1.310312513808808310e+00 1.902119151379313067e+01 -2.166508786368310169e+01
1.326099411565540898e+00 1.944456866289803543e+01 -3.210694089712215771e+01
1.341886309322273485e+00 2.003492950024178043e+01 -4.095813624359406901e+01
1.357673207079006072e+00 2.073777248126592454e+01 -4.773812889702279705e+01
1.373460104835738660e+00 2.154220342023182511e+01 -5.266970672450106150e+01
1.389247002592471247e+00 2.240075503113950717e+01 -5.341433211205791309e+01
1.405033900349204057e+00 2.322869661982626255e+01 -5.045704426786382157e+01
1.420820798105936644e+00 2.399387542906690385e+01 -4.698457878043437574e+01
1.436607695862669232e+00 2.471217810252599634e+01 -4.272018132252422618e+01
1.452394593619401819e+00 2.534271369844244148e+01 -3.770005863768569299e+01
1.468181491376134407e+00 2.590251204479793401e+01 -3.267308131621187783e+01
1.483968389132867216e+00 2.637432688671533754e+01 -2.828435305853037462e+01
1.499755286889599804e+00 2.679555642449862773e+01 -2.598178790464192645e+01
1.515542184646332391e+00 2.719467054509072668e+01 -2.596535089359000992e+01
1.531329082403064978e+00 2.761538110404821111e+01 -2.573554982327651075e+01
1.547115980159797566e+00 2.800723953263745614e+01 -2.320060110375047913e+01
1.562902877916530375e+00 2.834791213908750507e+01 -1.919199995633852751e+01
1.578689775673262963e+00 2.861320381475332297e+01 -1.140985492588948347e+01
1.594476673429995550e+00 2.870816456535584393e+01 -3.253823901296241328e+00
1.610263571186728138e+00 2.871593938524967626e+01 2.567067836090576094e+00
1.626050468943460725e+00 2.862711249042992634e+01 1.218595088182421726e+01
1.641837366700193535e+00 2.833118266396982676e+01 2.418971419195982264e+01
1.657624264456926122e+00 2.786335140100381835e+01 3.385591736975271004e+01
1.673411162213658709e+00 2.726222285201647821e+01 4.091226012332418094e+01
1.689198059970391297e+00 2.657159606587628176e+01 4.711701271260110957e+01
1.704984957727123884e+00 2.577455992742346780e+01 5.216251729637468770e+01
1.720771855483856472e+00 2.492462741129295267e+01 5.596292327298748859e+01
1.736558753240589281e+00 2.400759803166641504e+01 5.858297855931752451e+01
1.752345650997321869e+00 2.307494042569134152e+01 5.801172109621139583e+01
1.768132548754054456e+00 2.217594781239045787e+01 5.593046086552176632e+01
1.783919446510787044e+00 2.130900349134948613e+01 5.111249874054266229e+01
1.799706344267519631e+00 2.056213222897431336e+01 4.543792309799048468e+01
1.815493242024252440e+00 1.987435579889697479e+01 4.255407444614573365e+01
1.831280139780985028e+00 1.921853858414693050e+01 3.901259511691316106e+01
1.847067037537717615e+00 1.864258009822594531e+01 3.476050051335892732e+01
1.862853935294450203e+00 1.812101764899243150e+01 3.263857422825804377e+01
1.878640833051182790e+00 1.761205642969186869e+01 3.308748035367565166e+01
1.894427730807915378e+00 1.707632031024967745e+01 3.420042710072793568e+01
1.910214628564648187e+00 1.653221913794030939e+01 3.515228493267190402e+01
1.926001526321380775e+00 1.596642925395442880e+01 3.595192310085118237e+01
1.941788424078113362e+00 1.539708046963820642e+01 3.621118573164503829e+01
1.957575321834845949e+00 1.482310468036335749e+01 3.652048440777642213e+01
1.973362219591578537e+00 1.424399016289437725e+01 3.637543031431135176e+01
1.989149117348311346e+00 1.367459428190498549e+01 3.546202629441753373e+01
2.004936015105043712e+00 1.312431939618130983e+01 3.407299708676262640e+01
2.020722912861776521e+00 1.259878043935664493e+01 3.212079954551406757e+01
2.036509810618509331e+00 1.211014383960224094e+01 3.017433466370213324e+01
2.052296708375241696e+00 1.164606216693004725e+01 2.798997568277057724e+01
2.068083606131974506e+00 1.122639407096757758e+01 2.508109523519028983e+01
2.083870503888706871e+00 1.085415679472040118e+01 2.223325002460682143e+01
2.099657401645439680e+00 1.052440598109089542e+01 1.934046868133115993e+01
2.115444299402172490e+00 1.024350479144147208e+01 1.607012642556638582e+01
2.131231197158904855e+00 1.001701109545452795e+01 1.355950436302445539e+01
2.147018094915637665e+00 9.815379773419397935e+00 1.189539280752508965e+01
2.162804992672370030e+00 9.641428395397385387e+00 9.841380878884848471e+00
2.178591890429102840e+00 9.504650025979360706e+00 7.429131983049868992e+00
2.194378788185835649e+00 9.406862501322024173e+00 5.000531784309414363e+00
2.210165685942568015e+00 9.346764257962991707e+00 2.800979048170407992e+00
2.225952583699300824e+00 9.318424961617591151e+00 1.046246640079273371e+00
2.241739481456033189e+00 9.313730280492478641e+00 -7.506591046090028696e-01
2.257526379212765999e+00 9.342126118686836733e+00 -2.620867120024322094e+00
2.273313276969498808e+00 9.396481003008091193e+00 -4.167580897683592411e+00
2.289100174726231174e+00 9.473712465736122468e+00 -5.969242110798279377e+00
2.304887072482963983e+00 9.584952632784801807e+00 -7.493638080592878836e+00
2.320673970239696349e+00 9.710315062144678322e+00 -7.604257701717389573e+00
2.336460867996429158e+00 9.825047910490519953e+00 -8.014697009858426924e+00
2.352247765753161524e+00 9.963369466636329719e+00 -8.653031308422589163e+00
2.368034663509894333e+00 1.009825695159426751e+01 -8.752367192603244916e+00
2.383821561266627143e+00 1.023971491863434657e+01 -8.448355582534826880e+00
2.399608459023359508e+00 1.036500360318226477e+01 -6.838933311505867252e+00
2.415395356780092317e+00 1.045564600054205862e+01 -4.880053065343811447e+00
2.431182254536824683e+00 1.051908540076228959e+01 -3.235903675133811497e+00
2.446969152293557492e+00 1.055781576148200429e+01 -1.505988703945439600e+00
2.462756050050290302e+00 1.056663518014625147e+01 5.775842690524243261e-01
2.478542947807022667e+00 1.053957923387914875e+01 3.372768644817951689e+00
2.494329845563755477e+00 1.046014407264054213e+01 6.455368122538119202e+00
2.510116743320487842e+00 1.033575876081398803e+01 8.930464756194780307e+00
2.525903641077220652e+00 1.017817540458823977e+01 1.031342937705692542e+01
2.541690538833953461e+00 1.001012465062022727e+01 1.093966941850888830e+01
2.557477436590685826e+00 9.832768519383330741e+00 1.094186282824326284e+01
2.573264334347418636e+00 9.664648511144887877e+00 1.089096530933295881e+01
2.589051232104151001e+00 9.488899407762207971e+00 1.042475509696786951e+01
2.604838129860883811e+00 9.335499425435269671e+00 8.728521306386655354e+00
2.620625027617616620e+00 9.213306860899431072e+00 7.568507657161318569e+00
2.636411925374348986e+00 9.096532912325962172e+00 6.672742199788389783e+00
2.652198823131081795e+00 9.002623063169242101e+00 5.726089544693465427e+00
2.667985720887814161e+00 8.915738531950019308e+00 6.014919649989370676e+00
2.683772618644546970e+00 8.812709220110553687e+00 5.673239781245813518e+00
2.699559516401279780e+00 8.736612819198107616e+00 4.492159188923801061e+00
2.715346414158012145e+00 8.670874704465539651e+00 3.492959369553939375e+00
2.731133311914744954e+00 8.626326834326969006e+00 1.588408537731217818e+00
2.746920209671477320e+00 8.620722618103371815e+00 1.374516909720985003e-01
2.762707107428210129e+00 8.621986962743235949e+00 -1.299156374840231942e+00
2.778494005184942495e+00 8.661741915822592119e+00 -4.167665952540279051e+00
2.794280902941675304e+00 8.753575995297174117e+00 -6.156338579203440631e+00
2.810067800698408114e+00 8.856120891234018799e+00 -6.935883731823718534e+00
2.825854698455140479e+00 8.972568169950946526e+00 -9.046453451411329283e+00
2.841641596211873289e+00 9.141751762630962119e+00 -1.130690530944710481e+01
2.857428493968605654e+00 9.329570086081544034e+00 -1.206824552976110532e+01
2.873215391725338463e+00 9.522792079193930448e+00 -1.434829019769602532e+01
2.889002289482071273e+00 9.782600066751456325e+00 -1.691146831302592446e+01
2.904789187238803638e+00 1.005675132154185825e+01 -1.902893124875008368e+01
2.920576084995536448e+00 1.038341565083928053e+01 -2.045871338825229202e+01
2.936362982752268813e+00 1.070271055453113007e+01 -2.014659017667605667e+01
2.952149880509001623e+00 1.101951996937123823e+01 -2.049629057607117844e+01
2.967936778265734432e+00 1.134985624196456655e+01 -1.839091390676637516e+01
2.983723676022466798e+00 1.160019092436922428e+01 -1.301738618125122215e+01
2.999510573779199607e+00 1.176086453137120102e+01 -9.939541055848930995e+00
3.015297471535931972e+00 1.191401996116429096e+01 -8.136595365412654601e+00
3.031084369292664782e+00 1.201776772961454931e+01 -6.587040808624451849e+00
3.046871267049397591e+00 1.212199784069465025e+01 -1.505404676744779069e+00
3.062658164806129957e+00 1.206529906904310323e+01 3.122901929227885898e+00
3.078445062562862766e+00 1.202339597377260283e+01 3.589122467698785623e+00
3.094231960319595132e+00 1.195197685017519795e+01 2.331851105198458285e+00
3.110018858076327941e+00 1.194977058380921875e+01 -4.035191035923616637e-02
3.125805755833060751e+00 1.195325091314145816e+01 -4.219643074464059229e-02
3.141592653589793116e+00 1.195110288528494813e+01 1.360639620025383412e-01
