0.000000000000000000e+00 3.120661481945971332e+02 4.487175738795048119e+01
1.578689775673262907e-02 3.113577623485486470e+02 8.794864448038704552e+01
3.157379551346525814e-02 3.092892756780869377e+02 1.687178077786968231e+02
4.736069327019788722e-02 3.060307007862639352e+02 2.351280087128592982e+02
6.314759102693051629e-02 3.018653920114988409e+02 2.799997661008097793e+02
7.893448878366314536e-02 2.971900454275788661e+02 2.961535987604764273e+02
9.472138654039577443e-02 2.925146988436587208e+02 2.764100255097783361e+02
1.105082842971284035e-01 2.884627318042614093e+02 2.566664522590784827e+02
1.262951820538610326e-01 2.844107647648639841e+02 2.566664522590802449e+02
1.420820798105936755e-01 2.803587977254666157e+02 2.566664522590766637e+02
1.578689775673262907e-01 2.763068306860693042e+02 2.566664522590784827e+02
1.736558753240589059e-01 2.722548636466718790e+02 2.566664522590802449e+02
1.894427730807915489e-01 2.682028966072745106e+02 2.566664522590784827e+02
2.052296708375241918e-01 2.641509295678771423e+02 2.566664522590766637e+02
2.210165685942568070e-01 2.600989625284798308e+02 2.566664522590784827e+02
2.368034663509894222e-01 2.560469954890824056e+02 2.566664522590775732e+02
2.525903641077220652e-01 2.519950284496851225e+02 2.566664522590775732e+02
2.683772618644547081e-01 2.479430614102876973e+02 2.566664522590802449e+02
2.841641596211873511e-01 2.438910943708903289e+02 2.566664522590784827e+02
2.999510573779199385e-01 2.398391273314929606e+02 2.566664522590775732e+02
3.157379551346525814e-01 2.357871602920956207e+02 2.566664522590766637e+02
3.315248528913852244e-01 2.317351932526982807e+02 2.566664522590784827e+02
3.473117506481178118e-01 2.276832262133008840e+02 2.566664522590784827e+02
3.630986484048504548e-01 2.236312591739035440e+02 2.566664522590784827e+02
3.788855461615830977e-01 2.195792921345061472e+02 2.566664522590793922e+02
3.946724439183157407e-01 2.155273250951087789e+02 2.566664522590784827e+02
4.104593416750483836e-01 2.114753580557114105e+02 2.566664522590784827e+02
4.262462394317809711e-01 2.074233910163140422e+02 2.566664522590775732e+02
4.420331371885136140e-01 2.033714239769167023e+02 2.566664522590775732e+02
4.578200349452462570e-01 1.993194569375193339e+02 2.566664522590793922e+02
4.736069327019788444e-01 1.952674898981219371e+02 2.566664522590793922e+02
4.893938304587114874e-01 1.912155228587245688e+02 2.566664522590784827e+02
5.051807282154441303e-01 1.871635558193272004e+02 2.566664522590784827e+02
5.209676259721767178e-01 1.831115887799298321e+02 2.566664522590784827e+02
5.367545237289094162e-01 1.790596217405324637e+02 2.566664522590775732e+02
5.525414214856420037e-01 1.750076547011351238e+02 2.566664522590775732e+02
5.683283192423747021e-01 1.709556876617377554e+02 2.566664522590775732e+02
5.841152169991072896e-01 1.669037206223404155e+02 2.566664522590784827e+02
5.999021147558398770e-01 1.628517535829430187e+02 2.566664522590784827e+02
6.156890125125725755e-01 1.587997865435456788e+02 2.566664522590784827e+02
6.314759102693051629e-01 1.547478195041482820e+02 2.566664522590784827e+02
6.472628080260377503e-01 1.506958524647509421e+02 2.566664522590766637e+02
6.630497057827704488e-01 1.466438854253536022e+02 2.566664522590784827e+02
6.788366035395030362e-01 1.425919183859562054e+02 2.566664522590784827e+02
6.946235012962356237e-01 1.385399513465588655e+02 2.566664522590784827e+02
7.104103990529683221e-01 1.344879843071614687e+02 2.566664522590793922e+02
7.261972968097009096e-01 1.304360172677641003e+02 2.566664522590771185e+02
7.419841945664336080e-01 1.263840502283667746e+02 2.566664522590780280e+02
7.577710923231661955e-01 1.223320831889693778e+02 2.566664522590798470e+02
7.735579900798987829e-01 1.182801161495719953e+02 2.566664522590784827e+02
7.893448878366314814e-01 1.142281491101746411e+02 2.566664522590771185e+02
8.051317855933640688e-01 1.101761820707773012e+02 2.566664522590775732e+02
8.209186833500967673e-01 1.061242150313799328e+02 2.566664522590784827e+02
8.367055811068293547e-01 1.020722479919825645e+02 2.566664522590789375e+02
8.524924788635619421e-01 9.802028095258518192e+01 2.566664522590784827e+02
8.682793766202946406e-01 9.396831391318782778e+01 2.625276903153921921e+02
8.840662743770272280e-01 8.973128534194465544e+01 2.566664522590789375e+02
8.998531721337598155e-01 8.586437983439307686e+01 2.410856949798335620e+02
9.156400698904925139e-01 8.211929490742973314e+01 2.408769268391923219e+02
9.314269676472251014e-01 7.825898100246048728e+01 2.506938503346934226e+02
9.472138654039576888e-01 7.420393854047885895e+01 2.612181565568843666e+02
9.630007631606903873e-01 7.001133234292906593e+01 2.739109035951945543e+02
9.787876609174229747e-01 6.555553168145569032e+01 2.916377417774717173e+02
9.945745586741556732e-01 6.080322192003838921e+01 3.059060591781112635e+02
1.010361456430888261e+00 5.589691632263600241e+01 3.144176164860355129e+02
1.026148354187620848e+00 5.087586439127716176e+01 3.156457927136292483e+02
1.041935251944353436e+00 4.593078060881023106e+01 3.068268170372639929e+02
1.057722149701086245e+00 4.118817721209516947e+01 2.897847785805977310e+02
1.073509047457818832e+00 3.678117526699163164e+01 2.513013610635970281e+02
1.089295945214551420e+00 3.325363942561765640e+01 2.095089539267821408e+02
1.105082842971284007e+00 3.016618239746739860e+01 1.832263569558612630e+02
1.120869740728016595e+00 2.746848789841610028e+01 1.575101806348282594e+02
1.136656638484749404e+00 2.519298816281435549e+01 1.306740272267005309e+02
1.152443536241481992e+00 2.334261288383926569e+01 1.099872952195835296e+02
1.168230433998214579e+00 2.172027179447209022e+01 9.618180735730044262e+01
1.184017331754947167e+00 2.030578816622435312e+01 8.130000178144884160e+01
1.199804229511679754e+00 1.915332216298026324e+01 6.756944467639966945e+01
1.215591127268412341e+00 1.817236433705330612e+01 5.351467618187765396e+01
1.231378025025145151e+00 1.746366072024434857e+01 3.821536591353884660e+01
1.247164922781877738e+00 1.696576018822698018e+01 2.490394849700327029e+01
1.262951820538610326e+00 1.667734854292209690e+01 1.112278730430179330e+01
1.278738718295342913e+00 1.661457157634118786e+01 -2.325996197792929987e+00
1.294525616052075501e+00 1.675078907123630856e+01 -1.467615522557824903e+01
1.310312513808808310e+00 1.707795350035747006e+01 -2.583884036676421658e+01
1.326099411565540898e+00 1.756661933328159364e+01 -3.612233793031408879e+01
1.341886309322273485e+00 1.821847281163749699e+01 -4.435470553146975448e+01
1.357673207079006072e+00 1.896706573579218613e+01 -4.912773598861811308e+01
1.373460104835738660e+00 1.976962190178163326e+01 -5.242651905926185663e+01
1.389247002592471247e+00 2.062236992805210889e+01 -5.405077465504343337e+01
1.405033900349204057e+00 2.147621000808436520e+01 -5.522929473832513025e+01
1.420820798105936644e+00 2.236616838647288930e+01 -5.473704407362608748e+01
1.436607695862669232e+00 2.320446624467657060e+01 -5.195517013636724357e+01
1.452394593619401819e+00 2.400659030422584550e+01 -4.960265707431259585e+01
1.468181491376134407e+00 2.477061039606545734e+01 -4.547856923299826803e+01
1.483968389132867216e+00 2.544252134943350541e+01 -4.011903419654095870e+01
1.499755286889599804e+00 2.603732057798476163e+01 -3.424937940851381768e+01
1.515542184646332391e+00 2.652390425134100838e+01 -2.760211645361852462e+01
1.531329082403064978e+00 2.690882415863016774e+01 -1.975584697764744391e+01
1.547115980159797566e+00 2.714767132400855942e+01 -1.175922988251615919e+01
1.562902877916530375e+00 2.728010767833656303e+01 -3.117022761437000078e+00
1.578689775673262963e+00 2.724608756328898806e+01 5.254668175468466984e+00
1.594476673429995550e+00 2.711419785987320807e+01 1.053584748054345077e+01
1.610263571186728138e+00 2.691343086937725104e+01 1.785353361239605263e+01
1.626050468943460725e+00 2.655049404040263639e+01 2.497398389635703708e+01
1.641837366700193535e+00 2.612490740867709960e+01 2.995756990891061733e+01
1.657624264456926122e+00 2.560461985401835250e+01 3.628602008284907754e+01
1.673411162213658709e+00 2.497922003058372908e+01 4.078007934664663736e+01
1.689198059970391297e+00 2.431703796770444370e+01 4.340052539321989400e+01
1.704984957727123884e+00 2.360890071664124790e+01 4.568537742839877325e+01
1.720771855483856472e+00 2.287457720282469964e+01 4.648394529791038110e+01
1.736558753240589281e+00 2.214122613314592058e+01 4.568105055508858925e+01
1.752345650997321869e+00 2.143225305375806400e+01 4.643231470729200083e+01
1.768132548754054456e+00 2.067518172336101756e+01 4.581015461154802182e+01
1.783919446510787044e+00 1.998585259961281935e+01 4.282819654096938677e+01
1.799706344267519631e+00 1.932293300356595012e+01 4.222499116236139116e+01
1.815493242024252440e+00 1.865264936309454313e+01 4.019428911414305361e+01
1.831280139780985028e+00 1.805384673826689479e+01 3.746406743839512643e+01
1.847067037537717615e+00 1.746976655869198325e+01 3.557189368109290939e+01
1.862853935294450203e+00 1.693070704115334024e+01 3.211011762511414958e+01
1.878640833051182790e+00 1.645592827088331234e+01 2.962013275153927339e+01
1.894427730807915378e+00 1.599548702657454413e+01 2.842674050192927737e+01
1.910214628564648187e+00 1.555838817916105654e+01 2.743635522089849132e+01
1.926001526321380775e+00 1.512921715719510019e+01 2.793589943506968609e+01
1.941788424078113362e+00 1.467634580291343660e+01 3.031281161849618755e+01
1.957575321834845949e+00 1.417212664171450776e+01 3.234155176791638553e+01
1.973362219591578537e+00 1.365520026080509375e+01 3.261835646085457796e+01
1.989149117348311346e+00 1.314224132483416696e+01 3.302089898947208013e+01
2.004936015105043712e+00 1.261260514844071068e+01 3.336107740528942855e+01
2.020722912861776521e+00 1.208890548873067239e+01 3.246197902384156464e+01
2.036509810618509331e+00 1.158765726077953850e+01 3.053974109912543256e+01
2.052296708375241696e+00 1.112464994823271525e+01 2.767114995725261295e+01
2.068083606131974506e+00 1.071397403040681162e+01 2.472924220087039515e+01
2.083870503888706871e+00 1.034385391177947788e+01 2.106115584045667433e+01
2.099657401645439680e+00 1.004899340262300811e+01 1.778095690222341574e+01
2.115444299402172490e+00 9.782441614514937100e+00 1.536730164280455213e+01
2.131231197158904855e+00 9.563789362959358442e+00 1.213732148342546147e+01
2.147018094915637665e+00 9.399220307916072770e+00 8.642319025929415588e+00
2.162804992672370030e+00 9.290918549272532800e+00 5.025700966993961849e+00
2.178591890429102840e+00 9.240539853272380810e+00 2.434248147531344220e+00
2.194378788185835649e+00 9.214060096033346525e+00 7.424059198735962761e-01
2.210165685942568015e+00 9.217099280570305808e+00 -1.636215707239259576e+00
2.225952583699300824e+00 9.265721636189638843e+00 -3.187646867024749309e+00
2.241739481456033189e+00 9.317745390918883430e+00 -4.147796402838177521e+00
2.257526379212765999e+00 9.396683311644338232e+00 -4.468634324551575610e+00
2.273313276969498808e+00 9.458837137306726817e+00 -3.918461768886823293e+00
2.289100174726231174e+00 9.520404022262502153e+00 -3.108510968416514864e+00
2.304887072482963983e+00 9.556984626974873720e+00 -2.566867853796295673e+00
2.320673970239696349e+00 9.601449782988353832e+00 -2.467887731092812231e+00
2.336460867996429158e+00 9.634905209546587912e+00 -1.521100115138715569e+00
2.352247765753161524e+00 9.649476686979252094e+00 -1.423808105189578344e+00
2.368034663509894333e+00 9.679860235510258093e+00 -1.896761457923376470e+00
2.383821561266627143e+00 9.709364645389547022e+00 -1.262062728745856122e+00
2.399608459023359508e+00 9.719708346032845725e+00 -1.052929080498363756e+00
2.415395356780092317e+00 9.742609612867383362e+00 -5.759437500772685015e-01
2.431182254536824683e+00 9.737893076225043743e+00 5.594376715316957682e-01
2.446969152293557492e+00 9.724946042223912457e+00 1.869358206654676557e+00
2.462756050050290302e+00 9.678870342466710852e+00 3.209214548651497356e+00
2.478542947807022667e+00 9.623618958305952376e+00 4.139109223931903614e+00
2.494329845563755477e+00 9.548182954222387053e+00 4.880789081412410191e+00
2.510116743320487842e+00 9.469513921905083009e+00 5.737485692417918060e+00
2.525903641077220652e+00 9.367028754208551078e+00 6.779724323015628329e+00
2.541690538833953461e+00 9.255452292492520883e+00 6.550913943669383954e+00
2.557477436590685826e+00 9.160191536924825684e+00 6.329418513240073096e+00
2.573264334347418636e+00 9.055608526636337530e+00 7.436266154494275860e+00
2.589051232104151001e+00 8.925400389979120774e+00 8.445032061344811325e+00
2.604838129860883811e+00 8.788966811226778475e+00 9.217393275417609999e+00
2.620625027617616620e+00 8.634372299533895401e+00 9.672610702191272836e+00
2.636411925374348986e+00 8.483565778834435633e+00 8.986641942423990059e+00
2.652198823131081795e+00 8.350629904491070121e+00 8.556350567930874007e+00
2.667985720887814161e+00 8.213409315661063914e+00 8.467741151505489228e+00
2.683772618644546970e+00 8.083271176912480982e+00 7.385671743218272134e+00
2.699559516401279780e+00 7.980215626311111698e+00 5.933554883067376551e+00
2.715346414158012145e+00 7.895926328366588365e+00 4.212266966364826892e+00
2.731133311914744954e+00 7.847218370466984005e+00 1.262676773388198281e+00
2.746920209671477320e+00 7.856058830124027281e+00 -1.634951510673167574e+00
2.762707107428210129e+00 7.898839995139409709e+00 -2.917119620668339852e+00
2.778494005184942495e+00 7.948163368515326788e+00 -4.715705187186296499e+00
2.794280902941675304e+00 8.047732706421417248e+00 -8.894179092688061061e+00
2.810067800698408114e+00 8.228986360447997583e+00 -1.283273447530875977e+01
2.825854698455140479e+00 8.452910840623411914e+00 -1.483892640314617495e+01
2.841641596211873289e+00 8.697507588340295470e+00 -1.489558337459568982e+01
2.857428493968605654e+00 8.923220944146668998e+00 -1.487047068974447761e+01
2.873215391725338463e+00 9.167024789087266257e+00 -1.527250837255886395e+01
2.889002289482071273e+00 9.405432000479528654e+00 -1.381246335129102398e+01
2.904789187238803638e+00 9.603136682478162101e+00 -1.121396892740620643e+01
2.920576084995536448e+00 9.759499562287805574e+00 -8.220966523853894259e+00
2.936362982752268813e+00 9.862703798425368262e+00 -3.980260362089684811e+00
2.952149880509001623e+00 9.885171489050776472e+00 2.288354703199531326e-01
2.967936778265734432e+00 9.855478594079258414e+00 1.730313900198014565e+00
2.983723676022466798e+00 9.830538911791817824e+00 1.200397689252438616e+00
2.999510573779199607e+00 9.817577482903965702e+00 1.518378526465122169e+00
3.015297471535931972e+00 9.782597938685171357e+00 -1.534221685364843824e+00
3.031084369292664782e+00 9.866018684669999317e+00 -1.184384332780483895e+01
3.046871267049397591e+00 1.015655302601080123e+01 -2.833624553512986921e+01
3.062658164806129957e+00 1.076070150681553272e+01 -4.961356867317992680e+01
3.078445062562862766e+00 1.172304169799105011e+01 -7.211502511334293786e+01
3.094231960319595132e+00 1.303764656319263437e+01 -9.585620446451075338e+01
3.110018858076327941e+00 1.474958589645042828e+01 -1.178071322985892806e+02
3.125805755833060751e+00 1.675726486841604057e+01 -1.320485663800829172e+02
3.141592653589793116e+00 1.891886032918140970e+01 -1.369233838132330163e+02
