1.000000000000000021e-03 2.126827867511939303e+02 2.919130161364478226e+01
5.100000000000000366e-02 2.112232216705116912e+02 5.838260322728899610e+01
1.010000000000000064e-01 2.068445264284650307e+02 1.167652064545774238e+02
1.510000000000000231e-01 1.995467010250539488e+02 1.751478096818664199e+02
2.010000000000000120e-01 1.893297454602783887e+02 2.043391112955109179e+02
2.510000000000000009e-01 1.791127898955028570e+02 2.043391112955106337e+02
3.010000000000000453e-01 1.688958343307273253e+02 2.043391112955109179e+02
3.510000000000000342e-01 1.586788787659517652e+02 2.043391112955106337e+02
4.010000000000000231e-01 1.484619232011762620e+02 2.043391112955103495e+02
4.510000000000000120e-01 1.382449676364007303e+02 2.043391112955106337e+02
5.010000000000000009e-01 1.280280120716251986e+02 2.043391112955106337e+02
5.510000000000000453e-01 1.178110565068496669e+02 2.043391112955107758e+02
6.010000000000000897e-01 1.075941009420741210e+02 2.043391112955106337e+02
6.510000000000000231e-01 9.737714537729860353e+01 2.043391112955106337e+02
7.010000000000000675e-01 8.716018981252305764e+01 2.043391112955109179e+02
7.510000000000000009e-01 7.694323424774751174e+01 2.043391112955106337e+02
8.010000000000000453e-01 6.672627868297199427e+01 2.111628088246525294e+02
8.510000000000000897e-01 5.582695336528225738e+01 2.111628088246526147e+02
9.010000000000000231e-01 4.560999780050673280e+01 1.951639360592955086e+02
9.510000000000000675e-01 3.631055975935270652e+01 1.751101689868956726e+02
1.000999999999999890e+00 2.809898090181716412e+01 1.525855032314122468e+02
1.050999999999999934e+00 2.105200943621148113e+01 1.295675889273569794e+02
1.100999999999999979e+00 1.514222200908146654e+01 1.062345473536061462e+02
1.151000000000000023e+00 1.042855470085086544e+01 7.488434764675385225e+01
1.201000000000000068e+00 7.653787244406080603e+00 4.947287544324223063e+01
1.250999999999999890e+00 5.481267156526642204e+00 3.954831389270056974e+01
1.300999999999999934e+00 3.698955855136023096e+00 3.305401781436066955e+01
1.350999999999999979e+00 2.175865375090574982e+00 2.823500167486830748e+01
1.401000000000000023e+00 8.754556876491921269e-01 2.319343598163827025e+01
1.451000000000000068e+00 -1.434782230732521979e-01 1.842201438798381474e+01
1.500999999999999890e+00 -9.667457511491894806e-01 1.472485161174059165e+01
1.550999999999999934e+00 -1.615963384247311563e+00 1.111284488901841527e+01
1.600999999999999979e+00 -2.078030240051031097e+00 7.553084862633143715e+00
1.651000000000000023e+00 -2.371271870510625934e+00 4.595504140862951559e+00
1.701000000000000068e+00 -2.537580654137326253e+00 2.302209398751093872e+00
1.750999999999999890e+00 -2.601492810385735321e+00 5.817251658971978046e-01
1.800999999999999934e+00 -2.595753170727046033e+00 -1.100290403166068742e+00
1.850999999999999979e+00 -2.491463770069128447e+00 -2.496597126081754325e+00
1.901000000000000023e+00 -2.346093458118870601e+00 -3.231010970147800698e+00
1.951000000000000068e+00 -2.168362673054348377e+00 -3.802742974752235661e+00
2.000999999999999890e+00 -1.965819160643647034e+00 -4.073807349762332386e+00
2.051000000000000156e+00 -1.760981938078115094e+00 -4.076849476067343048e+00
2.100999999999999979e+00 -1.558134213036912685e+00 -4.037010321063367435e+00
2.150999999999999801e+00 -1.357280905971778306e+00 -3.762998456631858613e+00
2.201000000000000068e+00 -1.181834367373726824e+00 -3.492578084752333556e+00
2.250999999999999890e+00 -1.008023097496544951e+00 -3.107037974886883713e+00
2.301000000000000156e+00 -8.711305698850384527e-01 -2.644077962113052571e+00
2.350999999999999979e+00 -7.436153012852396715e-01 -2.540169965267677910e+00
2.401000000000000245e+00 -6.171135733582706617e-01 -2.259803875133485906e+00
2.451000000000000068e+00 -5.176349137718910809e-01 -1.841773123453443350e+00
2.500999999999999890e+00 -4.329362610129263156e-01 -1.711731479277348589e+00
2.551000000000000156e+00 -3.464617658441562220e-01 -1.588766375001063214e+00
2.600999999999999979e+00 -2.740596235128199831e-01 -1.397228006337740025e+00
2.651000000000000245e+00 -2.067389652103822084e-01 -9.778790998737124651e-01
2.701000000000000068e+00 -1.762717135254487366e-01 -4.968468754818597399e-01
2.750999999999999890e+00 -1.570542776621962344e-01 -3.264611835930233963e-01
2.801000000000000156e+00 -1.436255951661463970e-01 -7.122769246197258042e-02
2.850999999999999979e+00 -1.499315084159989764e-01 3.141873237001258090e-01
2.901000000000000245e+00 -1.750443275361589779e-01 5.512903407182367932e-01
2.951000000000000068e+00 -2.050605424878226557e-01 6.547397338027501901e-01
3.000999999999999890e+00 -2.405183009164340024e-01 7.314161187480574533e-01
3.051000000000000156e+00 -2.782021543626284066e-01 8.463344935239808242e-01
3.100999999999999979e+00 -3.251517502688320849e-01 9.578635976000143826e-01
3.151000000000000245e+00 -3.739885141226298448e-01 9.424725974084274815e-01
3.201000000000000068e+00 -4.193990100096748330e-01 7.854806675518999359e-01
3.250999999999999890e+00 -4.525365808778198384e-01 5.783437259004259312e-01
3.301000000000000156e+00 -4.772333825997174261e-01 4.896801754854224198e-01
3.350999999999999979e+00 -5.015045984263620804e-01 3.922434285156534139e-01
3.401000000000000245e+00 -5.164577254512827675e-01 1.778174816016586668e-01
3.451000000000000068e+00 -5.192863465865279471e-01 -1.025947887843259299e-01
3.500999999999999890e+00 -5.061982465728501746e-01 -3.115446368582586167e-01
3.551000000000000156e+00 -4.881318829007020854e-01 -4.056670338307166723e-01
3.600999999999999979e+00 -4.656315431897785073e-01 -5.484515754299246204e-01
3.651000000000000245e+00 -4.332867253577096234e-01 -7.546061856808838897e-01
3.701000000000000068e+00 -3.901709246216901184e-01 -8.727503342033582356e-01
3.750999999999999890e+00 -3.460116919373737998e-01 -8.569088067560537425e-01
3.801000000000000156e+00 -3.044800439460847441e-01 -7.718886857765777654e-01
3.850999999999999979e+00 -2.688228233597160233e-01 -7.152067857713761967e-01
3.901000000000000245e+00 -2.329593653689471244e-01 -6.639518245267883589e-01
3.951000000000000068e+00 -2.024276409070371874e-01 -5.258601782714003026e-01
4.001000000000000334e+00 -1.803733475418070886e-01 -3.692700714478622248e-01
4.051000000000000156e+00 -1.655006337622509649e-01 -2.856375650796821875e-01
4.101000000000000867e+00 -1.518095910338388699e-01 -2.505938493198114903e-01
4.151000000000000689e+00 -1.404412488302698159e-01 -1.871354906586120137e-01
4.201000000000000512e+00 -1.330960419679776685e-01 -1.360724084736256168e-01
4.251000000000000334e+00 -1.268340079829072542e-01 -1.402882915609005021e-01
4.301000000000000156e+00 -1.190672128118876183e-01 -1.463067060499793903e-01
4.351000000000000867e+00 -1.122033373779093152e-01 -1.267774141973834756e-01
4.401000000000000689e+00 -1.063894713921492707e-01 -9.999575428975837621e-02
4.451000000000000512e+00 -1.022037619489334775e-01 -8.105127869538139573e-02
4.501000000000000334e+00 -9.828434352261113116e-02 -9.775216681824003273e-02
4.551000000000000156e+00 -9.242854526710947427e-02 -1.308698581951828199e-01
4.601000000000000867e+00 -8.519735770309284917e-02 -1.515571278093640062e-01
4.651000000000000689e+00 -7.727283248617307365e-02 -2.129114267397236304e-01
4.701000000000000512e+00 -6.390621502912048613e-02 -2.736066014346275610e-01
4.751000000000000334e+00 -4.991217234271031616e-02 -2.716765228974660218e-01
4.801000000000001044e+00 -3.673856273937388395e-02 -2.422862673667981748e-01
4.851000000000000867e+00 -2.568354560603049869e-02 -2.072497148407608791e-01
4.901000000000000689e+00 -1.601359125529779395e-02 -1.827309491531424468e-01
4.951000000000000512e+00 -7.410450690716252273e-03 -1.601359125529779326e-01
5.001000000000000334e+00 -2.168404344971008868e-19 -1.482090138143250246e-01
