0.000000000000000000e+00 2.262072350481263925e+02 1.836391876735187978e+01
1.578689775673262907e-02 2.259173257401332648e+02 3.599328078401030240e+01
3.157379551346525814e-02 2.250707905607933128e+02 6.904833456524494295e+01
4.736069327019788722e-02 2.237372077440248859e+02 9.622693434092738585e+01
6.314759102693051629e-02 2.220325410130252237e+02 1.145908531082792621e+02
7.893448878366314536e-02 2.201191395802705415e+02 1.212018638645249382e+02
9.472138654039577443e-02 2.182057381475158593e+02 1.131217396068896477e+02
1.105082842971284035e-01 2.165474569057951442e+02 1.050416153492552382e+02
1.262951820538610326e-01 2.148891756640744006e+02 1.050416153492561477e+02
1.420820798105936755e-01 2.132308944223536571e+02 1.050416153492561477e+02
1.578689775673262907e-01 2.115726131806329136e+02 1.050416153492552382e+02
1.736558753240589059e-01 2.099143319389121984e+02 1.050416153492552382e+02
1.894427730807915489e-01 2.082560506971914549e+02 1.050416153492552382e+02
2.052296708375241918e-01 2.065977694554707398e+02 1.050416153492570430e+02
2.210165685942568070e-01 2.049394882137499394e+02 1.050416153492561477e+02
2.368034663509894222e-01 2.032812069720292527e+02 1.050416153492534477e+02
2.525903641077220652e-01 2.016229257303085376e+02 1.050416153492552382e+02
2.683772618644547081e-01 1.999646444885877941e+02 1.050416153492561477e+02
2.841641596211873511e-01 1.983063632468670505e+02 1.050416153492561477e+02
2.999510573779199385e-01 1.966480820051463070e+02 1.050416153492543430e+02
3.157379551346525814e-01 1.949898007634256203e+02 1.050416153492561477e+02
3.315248528913852244e-01 1.933315195217048199e+02 1.050416153492570430e+02
3.473117506481178118e-01 1.916732382799841048e+02 1.050416153492543430e+02
3.630986484048504548e-01 1.900149570382633897e+02 1.050416153492552382e+02
3.788855461615830977e-01 1.883566757965426461e+02 1.050416153492552382e+02
3.946724439183157407e-01 1.866983945548219310e+02 1.050416153492552382e+02
4.104593416750483836e-01 1.850401133131011875e+02 1.050416153492570430e+02
4.262462394317809711e-01 1.833818320713804155e+02 1.050416153492561477e+02
4.420331371885136140e-01 1.817235508296597004e+02 1.050416153492543430e+02
4.578200349452462570e-01 1.800652695879389853e+02 1.050416153492570430e+02
4.736069327019788444e-01 1.784069883462181849e+02 1.050416153492543430e+02
4.893938304587114874e-01 1.767487071044975551e+02 1.050416153492534477e+02
5.051807282154441303e-01 1.750904258627767831e+02 1.050416153492579525e+02
5.209676259721767178e-01 1.734321446210560111e+02 1.050416153492561477e+02
5.367545237289094162e-01 1.717738633793352960e+02 1.050416153492561477e+02
5.525414214856420037e-01 1.701155821376145241e+02 1.050416153492561477e+02
5.683283192423747021e-01 1.684573008958938090e+02 1.050416153492543430e+02
5.841152169991072896e-01 1.667990196541730938e+02 1.050416153492543430e+02
5.999021147558398770e-01 1.651407384124523787e+02 1.050416153492561477e+02
6.156890125125725755e-01 1.634824571707316068e+02 1.050416153492552382e+02
6.314759102693051629e-01 1.618241759290109201e+02 1.050416153492552382e+02
6.472628080260377503e-01 1.601658946872901481e+02 1.050416153492570430e+02
6.630497057827704488e-01 1.585076134455694046e+02 1.050416153492543430e+02
6.788366035395030362e-01 1.568493322038487179e+02 1.050416153492552382e+02
6.946235012962356237e-01 1.551910509621279459e+02 1.050416153492570430e+02
7.104103990529683221e-01 1.535327697204072024e+02 1.050416153492543430e+02
7.261972968097009096e-01 1.518744884786865157e+02 1.050416153492552382e+02
7.419841945664336080e-01 1.502162072369657437e+02 1.050416153492552382e+02
7.577710923231661955e-01 1.485579259952450570e+02 1.050416153492552382e+02
7.735579900798987829e-01 1.468996447535242851e+02 1.050416153492579525e+02
7.893448878366314814e-01 1.452413635118035131e+02 1.050416153492552382e+02
8.051317855933640688e-01 1.435830822700828264e+02 1.050416153492552382e+02
8.209186833500967673e-01 1.419248010283620545e+02 1.050416153492561477e+02
8.367055811068293547e-01 1.402665197866413394e+02 1.050416153492534477e+02
8.524924788635619421e-01 1.386082385449206527e+02 1.050416153492552382e+02
8.682793766202946406e-01 1.369499573031998807e+02 1.050416153492570430e+02
8.840662743770272280e-01 1.352916760614791372e+02 1.050416153492543430e+02
8.998531721337598155e-01 1.336333948197584505e+02 1.050416153492543430e+02
9.156400698904925139e-01 1.319751135780377069e+02 1.050416153492561477e+02
9.314269676472251014e-01 1.303168323363169634e+02 1.050416153492552382e+02
9.472138654039576888e-01 1.286585510945962483e+02 1.050416153492561477e+02
9.630007631606903873e-01 1.270002698528754763e+02 1.050416153492565883e+02
9.787876609174229747e-01 1.253419886111547470e+02 1.050416153492552382e+02
9.945745586741556732e-01 1.236837073694340177e+02 1.050416153492565883e+02
1.010361456430888261e+00 1.220254261277132457e+02 1.050416153492556930e+02
1.026148354187620848e+00 1.203671448859925448e+02 1.050416153492543430e+02
1.041935251944353436e+00 1.187088636442718155e+02 1.050416153492552382e+02
1.057722149701086245e+00 1.170505824025510861e+02 1.050416153492552382e+02
1.073509047457818832e+00 1.153923011608303568e+02 1.050416153492556930e+02
1.089295945214551420e+00 1.137340199191096133e+02 1.050416153492552382e+02
1.105082842971284007e+00 1.120757386773888982e+02 1.050416153492556930e+02
1.120869740728016595e+00 1.104174574356681404e+02 1.050416153492565883e+02
1.136656638484749404e+00 1.087591761939473969e+02 1.050416153492556930e+02
1.152443536241481992e+00 1.071008949522266676e+02 1.050416153492547977e+02
1.168230433998214579e+00 1.054426137105059524e+02 1.050416153492552382e+02
1.184017331754947167e+00 1.037843324687852089e+02 1.050416153492561477e+02
1.199804229511679754e+00 1.021260512270644654e+02 1.050416153492552382e+02
1.215591127268412341e+00 1.004677699853437502e+02 1.050416153492552382e+02
1.231378025025145151e+00 9.880948874362300671e+01 1.050416153492561477e+02
1.247164922781877738e+00 9.715120750190226317e+01 1.050416153492556930e+02
1.262951820538610326e+00 9.549292626018153385e+01 1.050416153492552382e+02
1.278738718295342913e+00 9.383464501846080452e+01 1.050416153492561477e+02
1.294525616052075501e+00 9.217636377674004677e+01 1.050416153492556930e+02
1.310312513808808310e+00 9.051808253501933166e+01 1.050416153492543430e+02
1.326099411565540898e+00 8.885980129329861654e+01 1.050416153492552382e+02
1.341886309322273485e+00 8.720152005157787301e+01 1.050416153492565883e+02
1.357673207079006072e+00 8.554323880985711526e+01 1.050416153492556930e+02
1.373460104835738660e+00 8.388495756813640014e+01 1.050416153492547977e+02
1.389247002592471247e+00 8.222667632641567081e+01 1.050416153492552382e+02
1.405033900349204057e+00 8.056839508469494149e+01 1.050416153492552382e+02
1.420820798105936644e+00 7.891011384297421216e+01 1.050416153492561477e+02
1.436607695862669232e+00 7.725183260125345441e+01 1.050416153492561477e+02
1.452394593619401819e+00 7.559355135953272509e+01 1.050416153492547977e+02
1.468181491376134407e+00 7.393527011781200997e+01 1.050416153492547977e+02
1.483968389132867216e+00 7.227698887609128064e+01 1.050416153492556930e+02
1.499755286889599804e+00 7.061870763437053711e+01 1.050416153492561477e+02
1.515542184646332391e+00 6.896042639264979357e+01 1.050416153492561477e+02
1.531329082403064978e+00 6.730214515092905003e+01 1.050416153492552382e+02
1.547115980159797566e+00 6.564386390920833492e+01 1.050416153492550251e+02
1.562902877916530375e+00 6.398558266748759848e+01 1.050416153492556930e+02
1.578689775673262963e+00 6.232730142576686205e+01 1.050416153492559204e+02
1.594476673429995550e+00 6.066902018404611852e+01 1.029146617249002702e+02
1.610263571186728138e+00 5.907789494112741124e+01 1.050416153492554656e+02
1.626050468943460725e+00 5.735245770060465276e+01 1.045683995757174785e+02
1.641837366700193535e+00 5.577627367575338013e+01 1.034921496062470254e+02
1.657624264456926122e+00 5.408481773168805518e+01 1.143693877637378478e+02
1.673411162213658709e+00 5.216519801350090546e+01 1.200511879597572573e+02
1.689198059970391297e+00 5.029434607189809725e+01 1.164574045506665385e+02
1.704984957727123884e+00 4.848819573618926171e+01 1.150262769564455283e+02
1.720771855483856472e+00 4.666252992460006510e+01 1.142932936825076098e+02
1.736558753240589281e+00 4.487952265289733589e+01 1.095422696079571523e+02
1.752345650997321869e+00 4.320386470391754585e+01 1.053458353891183066e+02
1.768132548754054456e+00 4.155335478812614269e+01 1.062741884366408982e+02
1.783919446510787044e+00 3.984838520985957189e+01 1.108143099754464487e+02
1.799706344267519631e+00 3.805452642499564320e+01 1.178186885941654651e+02
1.815493242024252440e+00 3.612840202852274984e+01 1.175564408488106665e+02
1.831280139780985028e+00 3.434282340034452119e+01 1.189560386266798844e+02
1.847067037537717615e+00 3.237250838983208467e+01 1.258322541242058463e+02
1.862853935294450203e+00 3.036982153962845032e+01 1.180672477724919673e+02
1.878640833051182790e+00 2.864467725182578661e+01 1.036860072328187385e+02
1.894427730807915378e+00 2.709606074965175182e+01 9.402303810432320574e+01
1.910214628564648187e+00 2.567601307316513370e+01 8.248137799128949155e+01
1.926001526321380775e+00 2.449181058728594351e+01 6.999048890213909146e+01
1.941788424078113362e+00 2.346614768868153433e+01 6.534756564215426522e+01
1.957575321834845949e+00 2.242853991239781664e+01 6.847960372663413864e+01
1.973362219591578537e+00 2.130398668377365468e+01 7.467131029896417260e+01
1.989149117348311346e+00 2.007088323029580934e+01 7.866314132829920425e+01
2.004936015105043712e+00 1.882029274502711758e+01 8.013276013831838895e+01
2.020722912861776521e+00 1.754078784775898470e+01 8.167481319461803935e+01
2.036509810618509331e+00 1.624150889461977343e+01 8.234629857118370921e+01
2.052296708375241696e+00 1.494080265538167396e+01 8.092555821728110743e+01
2.068083606131974506e+00 1.368638186765431186e+01 7.726984390264343006e+01
2.083870503888706871e+00 1.250110040464223005e+01 7.265454771406307088e+01
2.099657401645439680e+00 1.139240203500717996e+01 6.715864504319706896e+01
2.115444299402172490e+00 1.038064707908692874e+01 6.231883436007483112e+01
2.131231197158904855e+00 9.424759902284664648e+00 5.796230983360546674e+01
2.147018094915637665e+00 8.550556960912553350e+00 5.257474306070988490e+01
2.162804992672370030e+00 7.764775715712834092e+00 4.705752927067729274e+01
2.178591890429102840e+00 7.064772154351282474e+00 4.068495348367294895e+01
2.194378788185835649e+00 6.480197313944498383e+00 3.411549525990271547e+01
2.210165685942568015e+00 5.987616483174520887e+00 2.851978888061851691e+01
2.225952583699300824e+00 5.579719331740649046e+00 2.372930368912894039e+01
2.241739481456033189e+00 5.238392300817046987e+00 1.875213559135544017e+01
2.257526379212765999e+00 4.987643237138418506e+00 1.356408006027328383e+01
2.273313276969498808e+00 4.810122810665706794e+00 9.657966777031578687e+00
2.289100174726231174e+00 4.682704569044582321e+00 6.931659129697463229e+00
2.304887072482963983e+00 4.591264022735594530e+00 4.398251757943007156e+00
2.320673970239696349e+00 4.543835067422550722e+00 1.537717238435689193e+00
2.336460867996429158e+00 4.542712453091695579e+00 -8.510695295039715225e-01
2.352247765753161524e+00 4.570706562714850207e+00 -2.558089792991873779e+00
2.368034663509894333e+00 4.623481057120703674e+00 -4.141223912721787137e+00
2.383821561266627143e+00 4.701460719710600422e+00 -4.666543128124886586e+00
2.399608459023359508e+00 4.770821535602885355e+00 -4.589654264136957096e+00
2.415395356780092317e+00 4.846373524923964560e+00 -5.568874360352817909e+00
2.431182254536824683e+00 4.946652035896844879e+00 -6.862516870563132088e+00
2.446969152293557492e+00 5.063049229302830412e+00 -7.647471636530076999e+00
2.462756050050290302e+00 5.188111741543671052e+00 -7.944239213372695119e+00
2.478542947807022667e+00 5.313879013735911983e+00 -8.579112906863272769e+00
2.494329845563755477e+00 5.458986898151902523e+00 -1.037178672261112666e+01
2.510116743320487842e+00 5.641355686824909732e+00 -1.159278429967755741e+01
2.525903641077220652e+00 5.825015099061632284e+00 -1.097828464767836998e+01
2.541690538833953461e+00 5.987981801379321567e+00 -9.823827303178548576e+00
2.557477436590685826e+00 6.135190613491788625e+00 -7.883753922643943035e+00
2.573264334347418636e+00 6.236901835611361022e+00 -4.192042493075529563e+00
2.589051232104151001e+00 6.267549305951912508e+00 -6.602053080623095926e-01
2.604838129860883811e+00 6.257747023005024722e+00 2.007086789036221841e+00
2.620625027617616620e+00 6.204177958097105261e+00 4.905661292615925539e+00
2.636411925374348986e+00 6.102856676493647825e+00 7.651681536184117505e+00
2.652198823131081795e+00 5.962585329939470213e+00 9.814451407252391846e+00
2.667985720887814161e+00 5.792977194684219455e+00 1.093025233065732671e+01
2.683772618644546970e+00 5.617475777940718729e+00 1.219945080901116796e+01
2.699559516401279780e+00 5.407794229463922520e+00 1.451552546300778346e+01
2.715346414158012145e+00 5.159165545201212844e+00 1.805998418480361423e+01
2.731133311914744954e+00 4.837571981836516599e+00 2.125384572075805067e+01
2.746920209671477320e+00 4.488100966539259495e+00 2.368061605957055349e+01
2.762707107428210129e+00 4.089885052738754467e+00 2.451034792672827933e+01
2.778494005184942495e+00 3.714216253136853663e+00 2.273865740393913981e+01
2.794280902941675304e+00 3.371939333616037260e+00 2.005169978047086232e+01
2.810067800698408114e+00 3.081107984570870428e+00 1.619013036408817996e+01
2.825854698455140479e+00 2.860755468163972193e+00 1.280134004030102446e+01
2.841641596211873289e+00 2.676921091840070765e+00 9.857260427590516016e+00
2.857428493968605654e+00 2.549524343100256107e+00 6.806799599855239968e+00
2.873215391725338463e+00 2.462004593173104272e+00 5.192423161142873944e+00
2.889002289482071273e+00 2.385579835990950137e+00 4.092121946183191916e+00
2.904789187238803638e+00 2.332800771628152692e+00 3.669780443793456914e+00
2.920576084995536448e+00 2.269710938679301737e+00 1.093272992721141756e+00
2.936362982752268813e+00 2.298281993715581173e+00 -3.728516421049508089e+00
2.952149880509001623e+00 2.387434353726116232e+00 -9.023891152378384461e+00
2.967936778265734432e+00 2.583200487696544645e+00 -1.218879769952450154e+01
2.983723676022466798e+00 2.772280959845898618e+00 -1.359564280722300111e+01
2.999510573779199607e+00 3.012466533565918425e+00 -1.539737236039416146e+01
3.015297471535931972e+00 3.258434446197665757e+00 -1.337796200016994064e+01
3.031084369292664782e+00 3.434859570146192809e+00 -1.008023160598240153e+01
3.046871267049397591e+00 3.576705617653323621e+00 -7.162714799347909889e+00
3.062658164806129957e+00 3.661013662542075053e+00 -3.398380529425475416e+00
3.078445062562862766e+00 3.684005389566345379e+00 -9.849824943880752803e-01
3.094231960319595132e+00 3.692113298404227084e+00 3.946130578910002074e-01
3.110018858076327941e+00 3.671545957569551710e+00 3.696105237458416903e-01
3.125805755833060751e+00 3.680443291307851084e+00 -1.255604613535152403e+00
3.141592653589793116e+00 3.711190160883074185e+00 -1.947619478444427177e+00
