0.000000000000000000e+00 2.583600092620158080e+02 2.374370584727858713e+01
1.578689775673262907e-02 2.579851698054388862e+02 4.653766346065904713e+01
3.157379551346525814e-02 2.568906385922344953e+02 8.927633398574897683e+01
4.736069327019788722e-02 2.551663770919810190e+02 1.244170186397160052e+02
6.314759102693051629e-02 2.529623210873091068e+02 1.481607244869900910e+02
7.893448878366314536e-02 2.504883806739019292e+02 1.567084585920057407e+02
9.472138654039577443e-02 2.480144402604947800e+02 1.462612280192073229e+02
1.105082842971284035e-01 2.458703585688751616e+02 1.358139974464098430e+02
1.262951820538610326e-01 2.437262768772555432e+02 1.358139974464098430e+02
1.420820798105936755e-01 2.415821951856359249e+02 1.358139974464062334e+02
1.578689775673262907e-01 2.394381134940164202e+02 1.358139974464053239e+02
1.736558753240589059e-01 2.372940318023968302e+02 1.358139974464080240e+02
1.894427730807915489e-01 2.351499501107772403e+02 1.358139974464071429e+02
2.052296708375241918e-01 2.330058684191576788e+02 1.358139974464071429e+02
2.210165685942568070e-01 2.308617867275380888e+02 1.358139974464080240e+02
2.368034663509894222e-01 2.287177050359184989e+02 1.358139974464053239e+02
2.525903641077220652e-01 2.265736233442989942e+02 1.358139974464071429e+02
2.683772618644547081e-01 2.244295416526793474e+02 1.358139974464089335e+02
2.841641596211873511e-01 2.222854599610597859e+02 1.358139974464062334e+02
2.999510573779199385e-01 2.201413782694402244e+02 1.358139974464071429e+02
3.157379551346525814e-01 2.179972965778206344e+02 1.358139974464080240e+02
3.315248528913852244e-01 2.158532148862010445e+02 1.358139974464062334e+02
3.473117506481178118e-01 2.137091331945815114e+02 1.358139974464080240e+02
3.630986484048504548e-01 2.115650515029618646e+02 1.358139974464080240e+02
3.788855461615830977e-01 2.094209698113423315e+02 1.358139974464071429e+02
3.946724439183157407e-01 2.072768881197227131e+02 1.358139974464080240e+02
4.104593416750483836e-01 2.051328064281031516e+02 1.358139974464071429e+02
4.262462394317809711e-01 2.029887247364835616e+02 1.358139974464062334e+02
4.420331371885136140e-01 2.008446430448640285e+02 1.358139974464062334e+02
4.578200349452462570e-01 1.987005613532444386e+02 1.358139974464098430e+02
4.736069327019788444e-01 1.965564796616247918e+02 1.358139974464080240e+02
4.893938304587114874e-01 1.944123979700052587e+02 1.358139974464053239e+02
5.051807282154441303e-01 1.922683162783856972e+02 1.358139974464071429e+02
5.209676259721767178e-01 1.901242345867661072e+02 1.358139974464071429e+02
5.367545237289094162e-01 1.879801528951465457e+02 1.358139974464080240e+02
5.525414214856420037e-01 1.858360712035269273e+02 1.358139974464080240e+02
5.683283192423747021e-01 1.836919895119073658e+02 1.358139974464062334e+02
5.841152169991072896e-01 1.815479078202878043e+02 1.358139974464071429e+02
5.999021147558398770e-01 1.794038261286682143e+02 1.358139974464062334e+02
6.156890125125725755e-01 1.772597444370486812e+02 1.358139974464062334e+02
6.314759102693051629e-01 1.751156627454290913e+02 1.358139974464080240e+02
6.472628080260377503e-01 1.729715810538095013e+02 1.358139974464071429e+02
6.630497057827704488e-01 1.708274993621899398e+02 1.358139974464071429e+02
6.788366035395030362e-01 1.686834176705703499e+02 1.358139974464080240e+02
6.946235012962356237e-01 1.665393359789507599e+02 1.358139974464071429e+02
7.104103990529683221e-01 1.643952542873311984e+02 1.358139974464071429e+02
7.261972968097009096e-01 1.622511725957116084e+02 1.358139974464080240e+02
7.419841945664336080e-01 1.601070909040920185e+02 1.358139974464080240e+02
7.577710923231661955e-01 1.579630092124724285e+02 1.358139974464071429e+02
7.735579900798987829e-01 1.558189275208528670e+02 1.358139974464062334e+02
7.893448878366314814e-01 1.536748458292333055e+02 1.358139974464080240e+02
8.051317855933640688e-01 1.515307641376136871e+02 1.358139974464071429e+02
8.209186833500967673e-01 1.493866824459941540e+02 1.358139974464062334e+02
8.367055811068293547e-01 1.472426007543745641e+02 1.358139974464089335e+02
8.524924788635619421e-01 1.450985190627549457e+02 1.358139974464080240e+02
8.682793766202946406e-01 1.429544373711353842e+02 1.358139974464071429e+02
8.840662743770272280e-01 1.408103556795157942e+02 1.358139974464062334e+02
8.998531721337598155e-01 1.386662739878962611e+02 1.358139974464062334e+02
9.156400698904925139e-01 1.365221922962766712e+02 1.358139974464089335e+02
9.314269676472251014e-01 1.343781106046570528e+02 1.358139974464080240e+02
9.472138654039576888e-01 1.322340289130374913e+02 1.358139974464071429e+02
9.630007631606903873e-01 1.300899472214179013e+02 1.358139974464066881e+02
9.787876609174229747e-01 1.279458655297983540e+02 1.358139974464066881e+02
9.945745586741556732e-01 1.258017838381787641e+02 1.358139974464075692e+02
1.010361456430888261e+00 1.236577021465591883e+02 1.358139974464075692e+02
1.026148354187620848e+00 1.215136204549395984e+02 1.358139974464062334e+02
1.041935251944353436e+00 1.193695387633200653e+02 1.358139974464066881e+02
1.057722149701086245e+00 1.172254570717004611e+02 1.358139974464080240e+02
1.073509047457818832e+00 1.150813753800808854e+02 1.358139974464071429e+02
1.089295945214551420e+00 1.129372936884613097e+02 1.358139974464075692e+02
1.105082842971284007e+00 1.107932119968417197e+02 1.358139974464080240e+02
1.120869740728016595e+00 1.086491303052221298e+02 1.358139974464066881e+02
1.136656638484749404e+00 1.065050486136025825e+02 1.358139974464066881e+02
1.152443536241481992e+00 1.043609669219829925e+02 1.358139974464071429e+02
1.168230433998214579e+00 1.022168852303634310e+02 1.358139974464071429e+02
1.184017331754947167e+00 1.000728035387438410e+02 1.358139974464075692e+02
1.199804229511679754e+00 9.792872184712426531e+01 1.358139974464071429e+02
1.215591127268412341e+00 9.578464015550468957e+01 1.358139974464071429e+02
1.231378025025145151e+00 9.364055846388511384e+01 1.358139974464071429e+02
1.247164922781877738e+00 9.149647677226553810e+01 1.358139974464075692e+02
1.262951820538610326e+00 8.935239508064594816e+01 1.358139974464080240e+02
1.278738718295342913e+00 8.720831338902635821e+01 1.358139974464071429e+02
1.294525616052075501e+00 8.506423169740679668e+01 1.358139974464071429e+02
1.310312513808808310e+00 8.292015000578720674e+01 1.358139974464071429e+02
1.326099411565540898e+00 8.077606831416764521e+01 1.358139974464071429e+02
1.341886309322273485e+00 7.863198662254805527e+01 1.358139974464080240e+02
1.357673207079006072e+00 7.648790493092846532e+01 1.358139974464071429e+02
1.373460104835738660e+00 7.434382323930890379e+01 1.358139974464066881e+02
1.389247002592471247e+00 7.219974154768932806e+01 1.459712101267514868e+02
1.405033900349204057e+00 6.973495809991378280e+01 1.479922704345204068e+02
1.420820798105936644e+00 6.752706386341633049e+01 1.312333931580602098e+02
1.436607695862669232e+00 6.559142177980299948e+01 1.115933721492923780e+02
1.452394593619401819e+00 6.400363755051654380e+01 9.405014791824848430e+01
1.468181491376134407e+00 6.262190164142106141e+01 8.498520561182010624e+01
1.483968389132867216e+00 6.132033204685913574e+01 8.558335115228651091e+01
1.499755286889599804e+00 5.991971041278167576e+01 8.330872155956406289e+01
1.515542184646332391e+00 5.868995950784924531e+01 7.452527534142960519e+01
1.531329082403064978e+00 5.756666460856668266e+01 7.838439304773402228e+01
1.547115980159797566e+00 5.621506671031300328e+01 9.622022917698339484e+01
1.562902877916530375e+00 5.452862676827384547e+01 1.135285584238279455e+02
1.578689775673262963e+00 5.263053922170056609e+01 1.243708417506965276e+02
1.594476673429995550e+00 5.060176724299980577e+01 1.196071620497500732e+02
1.610263571186728138e+00 4.885408714519585516e+01 1.046731754016128946e+02
1.626050468943460725e+00 4.729683780712419860e+01 9.340914121265427639e+01
1.641837366700193535e+00 4.590480602145910893e+01 8.687366693522727701e+01
1.657624264456926122e+00 4.455390641180644451e+01 8.703817732841055488e+01
1.673411162213658709e+00 4.315668040862714605e+01 8.997574825834014689e+01
1.689198059970391297e+00 4.171303053512658465e+01 8.045581680278706926e+01
1.704984957727123884e+00 4.061638490102712495e+01 6.898243438354232637e+01
1.720771855483856472e+00 3.953499325787958441e+01 7.336149430201182042e+01
1.736558753240589281e+00 3.830008408137315712e+01 7.978519697474861516e+01
1.752345650997321869e+00 3.701587176359732467e+01 7.899717651573186572e+01
1.768132548754054456e+00 3.580584338392431931e+01 7.580300108909553103e+01
1.783919446510787044e+00 3.462248330790323791e+01 8.178279106007586563e+01
1.799706344267519631e+00 3.322365026247302922e+01 8.907048451979879644e+01
1.815493242024252440e+00 3.181019004338983791e+01 9.275274553296273439e+01
1.831280139780985028e+00 3.029509404170278586e+01 9.497773302974408693e+01
1.847067037537717615e+00 2.881138252237620279e+01 9.403778544187436239e+01
1.862853935294450203e+00 2.732596423362192439e+01 9.229860107390979351e+01
1.878640833051182790e+00 2.589716536588966989e+01 8.492077354220199936e+01
1.894427730807915378e+00 2.464469309495514793e+01 7.721815158838080606e+01
1.910214628564648187e+00 2.345909523771037186e+01 7.108115972665457605e+01
1.926001526321380775e+00 2.240039109288579411e+01 6.659828464122055891e+01
1.941788424078113362e+00 2.135633461690092005e+01 6.617641016871354509e+01
1.957575321834845949e+00 2.031095065040362968e+01 6.760497503325315449e+01
1.973362219591578537e+00 1.922178895950806066e+01 7.033028110137618683e+01
1.989149117348311346e+00 1.809035673650424769e+01 7.061340494759973296e+01
2.004936015105043712e+00 1.699225575118303055e+01 6.835487019642702933e+01
2.020722912861776521e+00 1.593213404257279997e+01 6.412367526303020782e+01
2.036509810618509331e+00 1.496762794085626425e+01 5.925313359265057045e+01
2.052296708375241696e+00 1.406128771898641183e+01 5.618796156754478943e+01
2.068083606131974506e+00 1.319356073200416013e+01 5.386744063604929522e+01
2.083870503888706871e+00 1.236048816351006252e+01 5.313931857980453799e+01
2.099657401645439680e+00 1.151575075344052657e+01 5.389842869283258864e+01
2.115444299402172490e+00 1.065871019746547788e+01 5.556697352317527105e+01
2.131231197158904855e+00 9.761290494117652372e+00 5.630274327520736222e+01
2.147018094915637665e+00 8.881018894446949474e+00 5.587262928802834949e+01
2.162804992672370030e+00 7.997179522177795263e+00 5.391680807787074770e+01
2.178591890429102840e+00 7.178660621457506608e+00 4.884695553003274426e+01
2.194378788185835649e+00 6.454895736817210405e+00 4.345973507184802287e+01
2.210165685942568015e+00 5.806471833229602808e+00 3.815547886602463024e+01
2.225952583699300824e+00 5.250182449383003380e+00 3.233283886382786676e+01
2.241739481456033189e+00 4.785601390573279268e+00 2.710656176570580556e+01
2.257526379212765999e+00 4.394325411119492486e+00 2.232567969591683621e+01
2.273313276969498808e+00 4.080694945155277864e+00 1.788560228704393040e+01
2.289100174726231174e+00 3.829609061873200826e+00 1.274574815491067348e+01
2.304887072482963983e+00 3.678263299246001150e+00 6.891344522385988824e+00
2.320673970239696349e+00 3.612023159110546722e+00 5.561588196466611400e-01
2.336460867996429158e+00 3.660703254401467266e+00 -5.773993189262693448e+00
2.352247765753161524e+00 3.794330039364468110e+00 -1.091973577734156287e+01
2.368034663509894333e+00 4.005480758896320381e+00 -1.559777839907646957e+01
2.383821561266627143e+00 4.286811105001254063e+00 -1.936784060647891437e+01
2.399608459023359508e+00 4.616996997742674580e+00 -2.207514924116215482e+01
2.415395356780092317e+00 4.983807353070935697e+00 -2.333927865698503012e+01
2.431182254536824683e+00 5.353906609490103996e+00 -2.300852611603797726e+01
2.446969152293557492e+00 5.710273851724943839e+00 -2.205970060966876645e+01
2.462756050050290302e+00 6.050415085628050527e+00 -2.008015398506143612e+01
2.478542947807022667e+00 6.344280527528168179e+00 -1.758841815954283305e+01
2.494329845563755477e+00 6.605748204002774848e+00 -1.430820146898144074e+01
2.510116743320487842e+00 6.796044754875251392e+00 -1.029766367293996510e+01
2.525903641077220652e+00 6.930884531078620903e+00 -5.643735041242667450e+00
2.541690538833953461e+00 6.974238890999625795e+00 -9.288182293917753851e-01
2.557477436590685826e+00 6.960210847922615685e+00 2.221670056324192455e+00
2.573264334347418636e+00 6.904092334942856901e+00 5.301775993543818011e+00
2.589051232104151001e+00 6.792813656844264081e+00 8.931071686545001498e+00
2.604838129860883811e+00 6.622104503795785746e+00 1.171949443214843889e+01
2.620625027617616620e+00 6.422784736122414628e+00 1.357038313504072846e+01
2.636411925374348986e+00 6.193636001650632217e+00 1.523419231266836427e+01
2.652198823131081795e+00 5.941783463229419304e+00 1.685683256476407621e+01
2.667985720887814161e+00 5.661401817246049184e+00 1.742320339810553875e+01
2.683772618644546970e+00 5.391666801948121979e+00 1.640424415714355177e+01
2.699559516401279780e+00 5.143457566675441406e+00 1.455453856102472088e+01
2.715346414158012145e+00 4.932124777629482537e+00 1.274061454248241887e+01
2.731133311914744954e+00 4.741188008395219811e+00 1.042932394834216581e+01
2.746920209671477320e+00 4.602831435940840876e+00 8.065522599069367971e+00
2.762707107428210129e+00 4.486528847142970733e+00 7.179389894541965411e+00
2.778494005184942495e+00 4.376150847499133967e+00 6.882526089771806355e+00
2.794280902941675304e+00 4.269221375768426086e+00 6.755982835378382845e+00
2.810067800698408114e+00 4.162838826962415695e+00 7.267778642662292121e+00
2.825854698455140479e+00 4.039750019067876785e+00 8.174006032866758531e+00
2.841641596211873289e+00 3.904754431954849281e+00 8.209487711145103006e+00
2.857428493968605654e+00 3.780545332805875347e+00 7.035424857301344481e+00
2.873215391725338463e+00 3.682619366160066132e+00 5.955743124095931762e+00
2.889002289482071273e+00 3.592499917274943666e+00 5.628686100579852081e+00
2.904789187238803638e+00 3.504900382210873744e+00 5.811265314439894247e+00
2.920576084995536448e+00 3.409016214562325064e+00 6.347270050790761786e+00
2.936362982752268813e+00 3.304492975558463996e+00 6.913449238553591059e+00
2.952149880509001623e+00 3.190732382011511881e+00 7.269328815378619524e+00
2.967936778265734432e+00 3.074972674021558827e+00 6.742033431986423686e+00
2.983723676022466798e+00 2.977860797085026157e+00 5.390004812690167846e+00
2.999510573779199607e+00 2.904789764249085859e+00 2.515610292592735941e+00
3.015297471535931972e+00 2.898433432115134600e+00 -2.277423671953321627e+00
3.031084369292664782e+00 2.976696673564865225e+00 -8.881038024127871466e+00
3.046871267049397591e+00 3.178841510636257528e+00 -1.758878596603288358e+01
3.062658164806129957e+00 3.532041404986494992e+00 -2.821423595454925248e+01
3.078445062562862766e+00 4.069672027233854905e+00 -4.068667615042892294e+01
3.094231960319595132e+00 4.816674197882721664e+00 -5.258545354566184216e+01
3.110018858076327941e+00 5.729994384467408608e+00 -6.184734859529113749e+01
3.125805755833060751e+00 6.769429735480446908e+00 -6.798155600978238056e+01
3.141592653589793116e+00 7.876430132607462831e+00 -7.012146491256739012e+01
