0.000000000000000000e+00 5.092023589150518887e+02 5.015683542520822868e+01
1.578689775673262907e-02 5.084105380823928613e+02 9.830739743340913606e+01
3.157379551346525814e-02 5.060984212510284692e+02 1.885897011987889869e+02
4.736069327019788722e-02 5.024560454207967837e+02 2.628218176280976763e+02
6.314759102693051629e-02 4.978001389247616544e+02 3.129786530533023097e+02
7.893448878366314536e-02 4.925741214292120276e+02 3.310351138063771828e+02
9.472138654039577443e-02 4.873481039336624008e+02 3.089661062192894860e+02
1.105082842971284035e-01 4.828188887708525954e+02 2.868970986321981513e+02
1.262951820538610326e-01 4.782896736080429037e+02 2.868970986321945134e+02
1.420820798105936755e-01 4.737604584452332119e+02 2.868970986321945134e+02
1.578689775673262907e-01 4.692312432824235202e+02 2.868970986321945134e+02
1.736558753240589059e-01 4.647020281196138285e+02 2.868970986321963323e+02
1.894427730807915489e-01 4.601728129568040799e+02 2.868970986321981513e+02
2.052296708375241918e-01 4.556435977939943314e+02 2.868970986321945134e+02
2.210165685942568070e-01 4.511143826311846965e+02 2.868970986321945134e+02
2.368034663509894222e-01 4.465851674683749479e+02 2.868970986321981513e+02
2.525903641077220652e-01 4.420559523055651994e+02 2.868970986321945134e+02
2.683772618644547081e-01 4.375267371427555645e+02 2.868970986321945134e+02
2.841641596211873511e-01 4.329975219799458159e+02 2.868970986321963323e+02
2.999510573779199385e-01 4.284683068171361242e+02 2.868970986321963323e+02
3.157379551346525814e-01 4.239390916543263756e+02 2.868970986321999135e+02
3.315248528913852244e-01 4.194098764915165702e+02 2.868970986321945134e+02
3.473117506481178118e-01 4.148806613287069922e+02 2.868970986321927512e+02
3.630986484048504548e-01 4.103514461658972436e+02 2.868970986321963323e+02
3.788855461615830977e-01 4.058222310030875519e+02 2.868970986321945134e+02
3.946724439183157407e-01 4.012930158402778602e+02 2.868970986321981513e+02
4.104593416750483836e-01 3.967638006774680548e+02 2.868970986321963323e+02
4.262462394317809711e-01 3.922345855146584199e+02 2.868970986321927512e+02
4.420331371885136140e-01 3.877053703518487282e+02 2.868970986321945134e+02
4.578200349452462570e-01 3.831761551890390365e+02 2.868970986321963323e+02
4.736069327019788444e-01 3.786469400262292879e+02 2.868970986321981513e+02
4.893938304587114874e-01 3.741177248634195394e+02 2.868970986321963323e+02
5.051807282154441303e-01 3.695885097006098476e+02 2.868970986321927512e+02
5.209676259721767178e-01 3.650592945378002128e+02 2.868970986321927512e+02
5.367545237289094162e-01 3.605300793749905210e+02 2.868970986321963323e+02
5.525414214856420037e-01 3.560008642121807725e+02 2.868970986321999135e+02
5.683283192423747021e-01 3.514716490493709671e+02 2.868970986321963323e+02
5.841152169991072896e-01 3.469424338865613322e+02 2.868970986321945134e+02
5.999021147558398770e-01 3.424132187237515836e+02 2.868970986321963323e+02
6.156890125125725755e-01 3.378840035609418919e+02 2.868970986321945134e+02
6.314759102693051629e-01 3.333547883981322002e+02 2.868970986321963323e+02
6.472628080260377503e-01 3.288255732353224516e+02 2.868970986321963323e+02
6.630497057827704488e-01 3.242963580725127599e+02 2.868970986321963323e+02
6.788366035395030362e-01 3.197671429097030114e+02 2.868970986321963323e+02
6.946235012962356237e-01 3.152379277468933196e+02 2.868970986321945134e+02
7.104103990529683221e-01 3.107087125840836279e+02 2.868970986321945134e+02
7.261972968097009096e-01 3.061794974212739362e+02 2.868970986321963323e+02
7.419841945664336080e-01 3.016502822584641876e+02 2.868970986321981513e+02
7.577710923231661955e-01 2.971210670956544391e+02 2.868970986321963323e+02
7.735579900798987829e-01 2.925918519328447474e+02 2.868970986321945134e+02
7.893448878366314814e-01 2.880626367700350556e+02 2.868970986321963323e+02
8.051317855933640688e-01 2.835334216072253071e+02 2.868970986321945134e+02
8.209186833500967673e-01 2.790042064444156722e+02 2.868970986321945134e+02
8.367055811068293547e-01 2.744749912816059236e+02 2.868970986321981513e+02
8.524924788635619421e-01 2.699457761187961751e+02 2.868970986321963323e+02
8.682793766202946406e-01 2.654165609559864833e+02 2.868970986321945134e+02
8.840662743770272280e-01 2.608873457931767916e+02 2.868970986321945134e+02
8.998531721337598155e-01 2.563581306303670999e+02 2.868970986321945134e+02
9.156400698904925139e-01 2.518289154675574082e+02 2.868970986321963323e+02
9.314269676472251014e-01 2.472997003047476596e+02 2.868970986321954229e+02
9.472138654039576888e-01 2.427704851419379963e+02 2.868970986321972418e+02
9.630007631606903873e-01 2.382412699791281909e+02 2.868970986321990608e+02
9.787876609174229747e-01 2.337120548163184708e+02 2.868970986321945134e+02
9.945745586741556732e-01 2.291828396535088075e+02 2.868970986321954229e+02
1.010361456430888261e+00 2.246536244906990589e+02 2.868970986321954229e+02
1.026148354187620848e+00 2.201244093278893956e+02 2.868970986321954229e+02
1.041935251944353436e+00 2.155951941650796471e+02 2.868970986321972418e+02
1.057722149701086245e+00 2.110659790022699269e+02 2.868970986321945134e+02
1.073509047457818832e+00 2.065367638394602636e+02 2.868970986321954229e+02
1.089295945214551420e+00 2.020075486766505151e+02 2.868970986321963323e+02
1.105082842971284007e+00 1.974783335138408233e+02 2.868970986321945134e+02
1.120869740728016595e+00 1.929491183510311316e+02 2.868970986321963323e+02
1.136656638484749404e+00 1.884199031882213831e+02 2.868970986321981513e+02
1.152443536241481992e+00 1.838906880254116345e+02 2.868970986321954229e+02
1.168230433998214579e+00 1.793614728626019712e+02 2.868970986321954229e+02
1.184017331754947167e+00 1.748322576997922226e+02 2.868970986321963323e+02
1.199804229511679754e+00 1.703030425369825309e+02 2.868970986321945134e+02
1.215591127268412341e+00 1.657738273741728392e+02 2.868970986321954229e+02
1.231378025025145151e+00 1.612446122113631191e+02 2.868970986321945134e+02
1.247164922781877738e+00 1.567153970485534558e+02 2.868970986321963323e+02
1.262951820538610326e+00 1.521861818857436788e+02 2.868970986321981513e+02
1.278738718295342913e+00 1.476569667229339586e+02 2.868970986321963323e+02
1.294525616052075501e+00 1.431277515601242385e+02 2.868970986321954229e+02
1.310312513808808310e+00 1.385985363973145468e+02 2.868970986321945134e+02
1.326099411565540898e+00 1.340693212345048551e+02 2.868970986321954229e+02
1.341886309322273485e+00 1.295401060716951349e+02 2.868970986321963323e+02
1.357673207079006072e+00 1.250108909088854148e+02 2.868970986321954229e+02
1.373460104835738660e+00 1.204816757460757231e+02 2.868970986321954229e+02
1.389247002592471247e+00 1.159524605832660029e+02 2.868970986321958776e+02
1.405033900349204057e+00 1.114232454204562970e+02 2.868970986321958776e+02
1.420820798105936644e+00 1.068940302576465768e+02 2.868970986321958776e+02
1.436607695862669232e+00 1.023648150948368709e+02 2.868970986321954229e+02
1.452394593619401819e+00 9.783559993202716498e+01 2.868970986321958776e+02
1.468181491376134407e+00 9.330638476921744484e+01 2.868970986321958776e+02
1.483968389132867216e+00 8.877716960640773891e+01 2.847209729163822658e+02
1.499755286889599804e+00 8.431666299196071179e+01 2.868970986321954229e+02
1.515542184646332391e+00 7.971873928078832705e+01 2.900279285348054259e+02
1.531329082403064978e+00 7.515938048320884945e+01 2.947956144647289420e+02
1.547115980159797566e+00 7.041092283141263408e+01 2.984288200754630225e+02
1.562902877916530375e+00 6.573684994282146477e+01 2.944629982202681617e+02
1.578689775673262963e+00 6.111360833932400283e+01 2.889115527393128104e+02
1.594476673429995550e+00 5.661481565515266823e+01 2.722300544015278660e+02
1.610263571186728138e+00 5.251827226903063917e+01 2.443358556469605105e+02
1.626050468943460725e+00 4.890020531234797119e+01 2.244189073132101271e+02
1.641837366700193535e+00 4.543251558016802960e+01 2.086713528759927101e+02
1.657624264456926122e+00 4.231165868712322720e+01 1.846574929356300458e+02
1.673411162213658709e+00 3.960217765818929081e+01 1.564931249062199754e+02
1.689198059970391297e+00 3.737057676207106027e+01 1.335431198521016540e+02
1.704984957727123884e+00 3.538571449974885041e+01 1.162268512570395984e+02
1.720771855483856472e+00 3.370085392730734952e+01 1.029074553091044208e+02
1.736558753240589281e+00 3.213653554900812281e+01 8.403270566684361143e+01
1.752345650997321869e+00 3.104762246213921628e+01 6.182646425809661395e+01
1.768132548754054456e+00 3.018443940920241175e+01 4.642983635045993651e+01
1.783919446510787044e+00 2.958165630348613817e+01 3.026031726820791334e+01
1.799706344267519631e+00 2.922900633960343342e+01 2.024081241173449897e+01
1.815493242024252440e+00 2.894257703137162352e+01 2.639891043296851336e+01
1.831280139780985028e+00 2.839549253981460097e+01 3.220139872785885160e+01
1.847067037537717615e+00 2.792585665269064776e+01 3.137515281076292339e+01
1.862853935294450203e+00 2.740485988076384771e+01 3.488756835868015571e+01
1.878640833051182790e+00 2.682432370337163974e+01 4.418954144264748862e+01
1.894427730807915378e+00 2.600962833541989738e+01 5.971929759031593221e+01
1.910214628564648187e+00 2.493875881304722597e+01 7.174997002970451376e+01
1.926001526321380775e+00 2.374420945360474633e+01 7.671625900980725987e+01
1.941788424078113362e+00 2.251653533851353473e+01 8.101965599387433770e+01
1.957575321834845949e+00 2.118611140268285808e+01 8.584953803007763895e+01
1.973362219591578537e+00 1.980593957982640418e+01 8.898082819914276342e+01
1.989149117348311346e+00 1.837664892850434128e+01 8.799635986694315193e+01
2.004936015105043712e+00 1.702756050745824012e+01 8.262173048404251574e+01
2.020722912861776521e+00 1.576796730523254375e+01 7.527107648714914490e+01
2.036509810618509331e+00 1.465096693037459019e+01 6.967714834138982383e+01
2.052296708375241696e+00 1.356799527154011642e+01 6.664611484373845940e+01
2.068083606131974506e+00 1.254669612853147065e+01 6.504541319642143549e+01
2.083870503888706871e+00 1.151426469618745152e+01 6.555451983263601790e+01
2.099657401645439680e+00 1.047689112435241832e+01 6.477724558814480815e+01
2.115444299402172490e+00 9.469001190061847595e+00 6.138467345388653484e+01
2.131231197158904855e+00 8.538743997058565682e+00 5.611233653211132122e+01
2.147018094915637665e+00 7.697321750614218416e+00 5.044387651926727045e+01
2.162804992672370030e+00 6.946039354932729282e+00 4.451987013613898370e+01
2.178591890429102840e+00 6.291660474649737544e+00 3.821928895217060074e+01
2.194378788185835649e+00 5.739311340886852797e+00 3.182501157344128373e+01
2.210165685942568015e+00 5.286824067016237194e+00 2.657271474333800043e+01
2.225952583699300824e+00 4.900309879343055286e+00 2.280296199070316732e+01
2.241739481456033189e+00 4.566848008020454763e+00 1.839604067829061407e+01
2.257526379212765999e+00 4.319477052709318698e+00 1.401789444746585644e+01
2.273313276969498808e+00 4.124249875206827731e+00 1.108604309785672370e+01
2.289100174726231174e+00 3.969448594884127601e+00 7.275724939483724896e+00
2.304887072482963983e+00 3.894527623755349222e+00 2.727464521646593365e+00
2.320673970239696349e+00 3.883332187807426727e+00 -5.303575323793566776e-01
2.336460867996429158e+00 3.911273024031721057e+00 -2.802881582961187501e+00
2.352247765753161524e+00 3.971829797756301073e+00 -5.218346443015216884e+00
2.368034663509894333e+00 4.076036027541902307e+00 -7.788898458739054398e+00
2.383821561266627143e+00 4.217754884967672702e+00 -1.005739102182369571e+01
2.399608459023359508e+00 4.393586035063925088e+00 -1.148992584663991501e+01
2.415395356780092317e+00 4.580535454114360583e+00 -1.279644683871671162e+01
2.431182254536824683e+00 4.797618430848495485e+00 -1.443692126115632135e+01
2.446969152293557492e+00 5.036363853858109252e+00 -1.506662405079035949e+01
2.462756050050290302e+00 5.273328937706407871e+00 -1.583600023652243216e+01
2.478542947807022667e+00 5.536366487077255982e+00 -1.780377799243146697e+01
2.494329845563755477e+00 5.835461783406572067e+00 -1.924509914667098798e+01
2.510116743320487842e+00 6.144007312170610469e+00 -1.899784411178183419e+01
2.525903641077220652e+00 6.435295828588661671e+00 -1.799276022074090875e+01
2.541690538833953461e+00 6.712107044103095888e+00 -1.620814796662092050e+01
2.557477436590685826e+00 6.947048578138738328e+00 -1.303051968091238777e+01
2.573264334347418636e+00 7.123530007942408204e+00 -8.564525044459246672e+00
2.589051232104151001e+00 7.217463140562446533e+00 -3.630157236272957277e+00
2.604838129860883811e+00 7.238147850202216738e+00 9.262645137886136304e-01
2.620625027617616620e+00 7.188217454212705526e+00 5.849570635905265270e+00
2.636411925374348986e+00 7.053454703102572942e+00 9.118318949203496615e+00
2.652198823131081795e+00 6.900317516283998920e+00 9.978922380393303371e+00
2.667985720887814161e+00 6.738382248419292786e+00 1.041296168258466004e+01
2.683772618644546970e+00 6.571540793428521710e+00 1.083290071942306732e+01
2.699559516401279780e+00 6.396346456286558180e+00 1.166514321202045679e+01
2.715346414158012145e+00 6.203227947016900501e+00 1.200802457810149093e+01
2.731133311914744954e+00 6.017207543736916797e+00 1.286940585511318602e+01
2.746920209671477320e+00 5.796891958167764258e+00 1.453740947205853118e+01
2.762707107428210129e+00 5.558206349770627774e+00 1.607698586139314045e+01
2.778494005184942495e+00 5.289280494107265085e+00 1.729633622827286388e+01
2.794280902941675304e+00 5.012095366566999388e+00 1.865058785739856262e+01
2.810067800698408114e+00 4.700410646891844735e+00 1.944829035640903214e+01
2.825854698455140479e+00 4.398039023767242206e+00 1.786683546058658578e+01
2.841641596211873289e+00 4.136286837586554022e+00 1.651776074821657403e+01
2.857428493968605654e+00 3.876510623562709146e+00 1.554223283394956212e+01
2.873215391725338463e+00 3.645559556264764911e+00 1.389596622222114419e+01
2.889002289482071273e+00 3.437762227600278386e+00 1.187460937103153213e+01
2.904789187238803638e+00 3.270633068181536984e+00 8.582546418393869558e+00
2.920576084995536448e+00 3.166778662001086708e+00 4.720029907251062973e+00
2.936362982752268813e+00 3.121603809072551527e+00 1.189991501828862264e+00
2.952149880509001623e+00 3.129206113659580790e+00 -1.668879641412569281e+00
2.967936778265734432e+00 3.174296673607097219e+00 -6.304771495811142934e+00
2.983723676022466798e+00 3.328271679627446300e+00 -1.093576796522348360e+01
2.999510573779199607e+00 3.519580375123767535e+00 -1.220291654480194943e+01
3.015297471535931972e+00 3.713564071280905043e+00 -1.051445327498910309e+01
3.031084369292664782e+00 3.851561572764158559e+00 -7.747880648244025892e+00
3.046871267049397591e+00 3.958194070531296571e+00 -5.758331016985402506e+00
3.062658164806129957e+00 4.033373938793300084e+00 -2.797752580280502777e+00
3.078445062562862766e+00 4.046529738398342957e+00 -7.506362749322795791e-01
3.094231960319595132e+00 4.057074375043001169e+00 -1.459546215069440933e+00
3.110018858076327941e+00 4.092613152135397669e+00 -1.036706985106959467e+00
3.125805755833060751e+00 4.089807149398149377e+00 -6.053813068711099143e-01
3.141592653589793116e+00 4.111727337726220455e+00 -1.388505117715276738e+00
