0.000000000000000000e+00 4.296837364286452612e+02 4.235949057843194510e+01
1.578689775673262907e-02 4.290150114818562770e+02 8.302460153373259288e+01
3.157379551346525814e-02 4.270623346372322544e+02 1.592716845749201582e+02
4.736069327019788722e-02 4.239861998820026088e+02 2.219637306310033296e+02
6.314759102693051629e-02 4.200540971948830702e+02 2.643232212094370652e+02
7.893448878366314536e-02 4.156405125460753993e+02 2.795726378176710227e+02
9.472138654039577443e-02 4.112269278972678421e+02 2.609344619631636988e+02
1.105082842971284035e-01 4.074018212016343909e+02 2.422962861086545558e+02
1.262951820538610326e-01 4.035767145060011103e+02 2.422962861086509463e+02
1.420820798105936755e-01 3.997516078103677728e+02 2.422962861086509463e+02
1.578689775673262907e-01 3.959265011147344921e+02 2.422962861086491557e+02
1.736558753240589059e-01 3.921013944191012115e+02 2.422962861086509463e+02
1.894427730807915489e-01 3.882762877234678740e+02 2.422962861086527653e+02
2.052296708375241918e-01 3.844511810278345365e+02 2.422962861086527653e+02
2.210165685942568070e-01 3.806260743322011990e+02 2.422962861086509463e+02
2.368034663509894222e-01 3.768009676365679184e+02 2.422962861086491557e+02
2.525903641077220652e-01 3.729758609409346377e+02 2.422962861086509463e+02
2.683772618644547081e-01 3.691507542453013002e+02 2.422962861086527653e+02
2.841641596211873511e-01 3.653256475496679627e+02 2.422962861086527653e+02
2.999510573779199385e-01 3.615005408540346252e+02 2.422962861086509463e+02
3.157379551346525814e-01 3.576754341584013446e+02 2.422962861086491557e+02
3.315248528913852244e-01 3.538503274627680639e+02 2.422962861086491557e+02
3.473117506481178118e-01 3.500252207671347833e+02 2.422962861086527653e+02
3.630986484048504548e-01 3.462001140715013889e+02 2.422962861086527653e+02
3.788855461615830977e-01 3.423750073758681083e+02 2.422962861086509463e+02
3.946724439183157407e-01 3.385499006802347708e+02 2.422962861086491557e+02
4.104593416750483836e-01 3.347247939846015470e+02 2.422962861086509463e+02
4.262462394317809711e-01 3.308996872889681526e+02 2.422962861086545558e+02
4.420331371885136140e-01 3.270745805933348151e+02 2.422962861086509463e+02
4.578200349452462570e-01 3.232494738977015345e+02 2.422962861086527653e+02
4.736069327019788444e-01 3.194243672020681402e+02 2.422962861086509463e+02
4.893938304587114874e-01 3.155992605064349164e+02 2.422962861086491557e+02
5.051807282154441303e-01 3.117741538108015789e+02 2.422962861086527653e+02
5.209676259721767178e-01 3.079490471151682414e+02 2.422962861086509463e+02
5.367545237289094162e-01 3.041239404195349607e+02 2.422962861086509463e+02
5.525414214856420037e-01 3.002988337239016232e+02 2.422962861086509463e+02
5.683283192423747021e-01 2.964737270282683426e+02 2.422962861086509463e+02
5.841152169991072896e-01 2.926486203326350051e+02 2.422962861086509463e+02
5.999021147558398770e-01 2.888235136370017244e+02 2.422962861086509463e+02
6.156890125125725755e-01 2.849984069413683869e+02 2.422962861086527653e+02
6.314759102693051629e-01 2.811733002457350494e+02 2.422962861086509463e+02
6.472628080260377503e-01 2.773481935501017688e+02 2.422962861086509463e+02
6.630497057827704488e-01 2.735230868544684313e+02 2.422962861086509463e+02
6.788366035395030362e-01 2.696979801588351506e+02 2.422962861086509463e+02
6.946235012962356237e-01 2.658728734632018131e+02 2.422962861086527653e+02
7.104103990529683221e-01 2.620477667675684756e+02 2.422962861086509463e+02
7.261972968097009096e-01 2.582226600719351950e+02 2.422962861086518558e+02
7.419841945664336080e-01 2.543975533763018291e+02 2.422962861086509463e+02
7.577710923231661955e-01 2.505724466806685768e+02 2.422962861086482462e+02
7.735579900798987829e-01 2.467473399850352962e+02 2.422962861086527653e+02
7.893448878366314814e-01 2.429222332894019019e+02 2.422962861086518558e+02
8.051317855933640688e-01 2.390971265937686496e+02 2.422962861086509463e+02
8.209186833500967673e-01 2.352720198981352837e+02 2.422962861086518558e+02
8.367055811068293547e-01 2.314469132025020031e+02 2.422962861086500652e+02
8.524924788635619421e-01 2.276218065068686940e+02 2.422962861086518558e+02
8.682793766202946406e-01 2.237966998112353565e+02 2.422962861086509463e+02
8.840662743770272280e-01 2.199715931156020758e+02 2.422962861086518558e+02
8.998531721337598155e-01 2.161464864199687099e+02 2.422962861086518558e+02
9.156400698904925139e-01 2.123213797243354293e+02 2.422962861086500652e+02
9.314269676472251014e-01 2.084962730287021202e+02 2.422962861086518558e+02
9.472138654039576888e-01 2.046711663330687827e+02 2.422962861086509463e+02
9.630007631606903873e-01 2.008460596374355021e+02 2.422962861086500652e+02
9.787876609174229747e-01 1.970209529418021930e+02 2.422962861086527653e+02
9.945745586741556732e-01 1.931958462461688271e+02 2.422962861086518558e+02
1.010361456430888261e+00 1.893707395505355464e+02 2.422962861086500652e+02
1.026148354187620848e+00 1.855456328549022373e+02 2.422962861086518558e+02
1.041935251944353436e+00 1.817205261592688998e+02 2.422962861086509463e+02
1.057722149701086245e+00 1.778954194636356192e+02 2.422962861086518558e+02
1.073509047457818832e+00 1.740703127680022533e+02 2.422962861086518558e+02
1.089295945214551420e+00 1.702452060723689726e+02 2.422962861086500652e+02
1.105082842971284007e+00 1.664200993767356636e+02 2.422962861086518558e+02
1.120869740728016595e+00 1.625949926811023261e+02 2.422962861086509463e+02
1.136656638484749404e+00 1.587698859854690454e+02 2.422962861086518558e+02
1.152443536241481992e+00 1.549447792898356795e+02 2.422962861086518558e+02
1.168230433998214579e+00 1.511196725942023988e+02 2.422962861086491557e+02
1.184017331754947167e+00 1.472945658985691182e+02 2.422962861086518558e+02
1.199804229511679754e+00 1.434694592029357523e+02 2.422962861086518558e+02
1.215591127268412341e+00 1.396443525073024716e+02 2.422962861086518558e+02
1.231378025025145151e+00 1.358192458116691057e+02 2.422962861086518558e+02
1.247164922781877738e+00 1.319941391160358251e+02 2.422962861086500652e+02
1.262951820538610326e+00 1.281690324204025160e+02 2.422962861086514010e+02
1.278738718295342913e+00 1.243439257247691927e+02 2.422962861086509463e+02
1.294525616052075501e+00 1.205188190291358978e+02 2.422962861086514010e+02
1.310312513808808310e+00 1.166937123335025603e+02 2.422962861086518558e+02
1.326099411565540898e+00 1.128686056378692513e+02 2.422962861086514010e+02
1.341886309322273485e+00 1.090434989422359280e+02 2.422962861086514010e+02
1.357673207079006072e+00 1.052183922466026189e+02 2.422962861086505200e+02
1.373460104835738660e+00 1.013932855509693240e+02 2.422962861086505200e+02
1.389247002592471247e+00 9.756817885533601498e+01 2.422962861086514010e+02
1.405033900349204057e+00 9.374307215970269169e+01 2.422962861086509463e+02
1.420820798105936644e+00 8.991796546406939683e+01 2.422962861086518558e+02
1.436607695862669232e+00 8.609285876843604512e+01 2.422962861086518558e+02
1.452394593619401819e+00 8.226775207280275026e+01 2.449490127925314198e+02
1.468181491376134407e+00 7.835888872729947252e+01 2.422962861086514010e+02
1.483968389132867216e+00 7.461753868153611791e+01 2.385095832518713621e+02
1.499755286889599804e+00 7.082823591770306848e+01 2.329420897863487312e+02
1.515542184646332391e+00 6.726267277214267892e+01 2.399436662800474949e+02
1.531329082403064978e+00 6.325230366382569969e+01 2.592146612208003944e+02
1.547115980159797566e+00 5.907828206466495402e+01 2.612444263713002215e+02
1.562902877916530375e+00 5.500382556654573563e+01 2.470894552803565887e+02
1.578689775673262963e+00 5.127673013010945624e+01 2.263493633911740233e+02
1.594476673429995550e+00 4.785711705222976775e+01 2.048737622310548261e+02
1.610263571186728138e+00 4.480808785535182892e+01 1.790330399912242285e+02
1.626050468943460725e+00 4.220436445739280629e+01 1.491151060293056787e+02
1.641837366700193535e+00 4.009995798961384139e+01 1.165824016109772856e+02
1.657624264456926122e+00 3.852341554845912697e+01 7.821360583236027253e+01
1.673411162213658709e+00 3.763045759269212454e+01 4.902561390572990518e+01
1.689198059970391297e+00 3.697549084007751219e+01 3.079510848895513675e+01
1.704984957727123884e+00 3.665813913444687699e+01 3.114928052363437416e+01
1.720771855483856472e+00 3.599198982643271449e+01 4.266665185124619342e+01
1.736558753240589281e+00 3.531099099365141569e+01 4.347823176548658353e+01
1.752345650997321869e+00 3.461921702738219153e+01 4.733693459885046906e+01
1.768132548754054456e+00 3.381638430039303245e+01 6.081427916176680526e+01
1.783919446510787044e+00 3.269907941282977504e+01 7.849867680865953901e+01
1.799706344267519631e+00 3.133788313075881860e+01 9.105526906818566601e+01
1.815493242024252440e+00 2.982411896684732255e+01 9.801621452694497805e+01
1.831280139780985028e+00 2.824313921628111501e+01 9.890612064661675618e+01
1.847067037537717615e+00 2.670127733852092078e+01 9.366928914495852609e+01
1.862853935294450203e+00 2.528564423492654356e+01 8.603015491186586416e+01
1.878640833051182790e+00 2.398497881934192932e+01 7.297059278892741929e+01
1.894427730807915378e+00 2.298168565971260691e+01 5.804769180304792542e+01
1.910214628564648187e+00 2.215219286832384071e+01 5.143428567378735750e+01
1.926001526321380775e+00 2.135771004146728913e+01 4.951708715554912743e+01
1.941788424078113362e+00 2.058875048405209540e+01 5.077714006000098834e+01
1.957575321834845949e+00 1.975448300445423300e+01 5.481209422026718414e+01
1.973362219591578537e+00 1.885812462947658830e+01 5.901926659538700193e+01
1.989149117348311346e+00 1.789102074961679278e+01 6.332115596134335789e+01
2.004936015105043712e+00 1.685883539947689158e+01 6.686138664731468850e+01
2.020722912861776521e+00 1.577995299986774214e+01 6.781192599053669312e+01
2.036509810618509331e+00 1.471775551487744593e+01 6.594084256251667853e+01
2.052296708375241696e+00 1.369795032081323427e+01 6.255331631361017486e+01
2.068083606131974506e+00 1.274270989690240796e+01 5.798522680589208989e+01
2.083870503888706871e+00 1.186713662684209325e+01 5.426988103614996106e+01
2.099657401645439680e+00 1.102920377052692302e+01 5.128710966018378059e+01
2.115444299402172490e+00 1.024780791395478197e+01 4.824278052810362993e+01
2.131231197158904855e+00 9.505996083131595498e+00 4.526638272085509840e+01
2.147018094915637665e+00 8.818576402292245930e+00 4.144891741929426843e+01
2.162804992672370030e+00 8.197296440280290142e+00 3.754081787695051275e+01
2.178591890429102840e+00 7.633270295237169378e+00 3.435930262881950625e+01
2.194378788185835649e+00 7.112442845092673771e+00 3.111922831652254828e+01
2.210165685942568015e+00 6.650718143834448703e+00 2.718369122504024560e+01
2.225952583699300824e+00 6.254150537052073133e+00 2.436261181560792366e+01
2.241739481456033189e+00 5.881498020194511511e+00 2.228810392564930964e+01
2.257526379212765999e+00 5.550430501320759547e+00 2.082791242010835830e+01
2.273313276969498808e+00 5.223881772469646911e+00 1.889740045581270422e+01
2.289100174726231174e+00 4.953767843592864040e+00 1.535145930662183389e+01
2.304887072482963983e+00 4.739177935489085947e+00 1.201634896899688343e+01
2.320673970239696349e+00 4.574366098427317340e+00 7.759618248712759403e+00
2.336460867996429158e+00 4.494177335641675874e+00 2.796716673501335126e+00
2.352247765753161524e+00 4.486063138069087408e+00 -1.631626577393585631e+00
2.368034663509894333e+00 4.545693979550636143e+00 -4.697682356979318463e+00
2.383821561266627143e+00 4.634386800195565925e+00 -7.363230238034354613e+00
2.399608459023359508e+00 4.778179105404896987e+00 -1.052813240233968095e+01
2.415395356780092317e+00 4.966799899805726781e+00 -1.206018171161633745e+01
2.431182254536824683e+00 5.158964816622704674e+00 -1.333863120205603359e+01
2.446969152293557492e+00 5.387951113808971293e+00 -1.553850177914841524e+01
2.462756050050290302e+00 5.649574294383152839e+00 -1.815471812873355617e+01
2.478542947807022667e+00 5.961164471610205240e+00 -1.972900813837886957e+01
2.494329845563755477e+00 6.272493963027819142e+00 -1.886341919266842027e+01
2.510116743320487842e+00 6.556754211884293859e+00 -1.709030778114460603e+01
2.525903641077220652e+00 6.812099846171863149e+00 -1.353932962032022935e+01
2.541690538833953461e+00 6.984242236705688001e+00 -7.920898782976284913e+00
2.557477436590685826e+00 7.062192684628412209e+00 -2.204423748078456313e+00
2.573264334347418636e+00 7.053844261352543832e+00 2.148900567684008500e+00
2.589051232104151001e+00 6.994343737525587912e+00 5.710619007313179729e+00
2.604838129860883811e+00 6.873538344560329527e+00 9.277106059094942125e+00
2.620625027617616620e+00 6.701430287858994639e+00 1.106245237110286617e+01
2.636411925374348986e+00 6.524254735517678760e+00 1.187075758868721564e+01
2.652198823131081795e+00 6.326625415163868560e+00 1.377658809556182185e+01
2.667985720887814161e+00 6.089275560115170016e+00 1.665848939060241563e+01
2.683772618644546970e+00 5.800653677581757428e+00 2.020218417767470243e+01
2.699559516401279780e+00 5.451415927963905617e+00 2.281395617699647715e+01
2.715346414158012145e+00 5.080330490396113063e+00 2.529580309491105794e+01
2.731133311914744954e+00 4.652731413696302276e+00 2.706916629083904269e+01
2.746920209671477320e+00 4.225654169209174249e+00 2.606219315803096848e+01
2.762707107428210129e+00 3.829849056292199183e+00 2.418511931344640331e+01
2.778494005184942495e+00 3.462038157537658201e+00 2.191797090988735874e+01
2.794280902941675304e+00 3.137815524713335691e+00 1.891597924351081161e+01
2.810067800698408114e+00 2.864788896966094622e+00 1.599409759600973047e+01
2.825854698455140479e+00 2.632821157794518196e+00 1.348076176695786010e+01
2.841641596211873289e+00 2.439150081570426565e+00 1.146106409208753618e+01
2.857428493968605654e+00 2.270951863784226976e+00 9.351851400966186389e+00
2.873215391725338463e+00 2.143876637764006610e+00 7.083734966562419189e+00
2.889002289482071273e+00 2.047291464478401490e+00 3.475073654919921484e+00
2.904789187238803638e+00 2.034155372789334670e+00 7.495124288742895102e-02
2.920576084995536448e+00 2.044924969261993741e+00 -3.321942348975710502e+00
2.936362982752268813e+00 2.139041701223414194e+00 -7.613237417914712424e+00
2.952149880509001623e+00 2.285303770690695124e+00 -1.101284540209649698e+01
2.967936778265734432e+00 2.486759029970615043e+00 -1.453750812265646530e+01
2.983723676022466798e+00 2.744308079430790581e+00 -1.916135010545272266e+01
2.999510573779199607e+00 3.091755579962095268e+00 -2.230676581855047402e+01
3.015297471535931972e+00 3.448617341952459725e+00 -2.292276802995313290e+01
3.031084369292664782e+00 3.815514370342434347e+00 -2.440406994424441223e+01
3.046871267049397591e+00 4.219146456068336271e+00 -2.814907876860723945e+01
3.062658164806129957e+00 4.704287627274865713e+00 -3.413581023944651349e+01
3.078445062562862766e+00 5.296943548255073964e+00 -4.296095761771554322e+01
3.094231960319595132e+00 6.060728118159263822e+00 -5.335712392883575461e+01
3.110018858076327941e+00 6.981630468370758180e+00 -6.075659765118690103e+01
3.125805755833060751e+00 7.979044508491722532e+00 -6.405267785185917262e+01
3.141592653589793116e+00 9.004016620955225036e+00 -6.492549253550357946e+01
