1.000000000000000021e-03 3.201982416775483671e+02 4.696927799188301833e+01
5.100000000000000366e-02 3.178497777779542162e+02 9.393855598376603666e+01
1.010000000000000064e-01 3.108043860791717634e+02 1.878771119675337786e+02
1.510000000000000231e-01 2.990620665812008383e+02 2.818156679513020890e+02
2.010000000000000120e-01 2.826228192840415545e+02 3.287849459431851074e+02
2.510000000000000009e-01 2.661835719868823276e+02 3.287849459431851074e+02
3.010000000000000453e-01 2.497443246897230438e+02 3.287849459431853916e+02
3.510000000000000342e-01 2.333050773925637884e+02 3.287849459431848231e+02
4.010000000000000231e-01 2.168658300954045615e+02 3.287849459431848231e+02
4.510000000000000120e-01 2.004265827982453061e+02 3.287849459431851074e+02
5.010000000000000009e-01 1.839873355010860507e+02 3.287849459431851074e+02
5.510000000000000453e-01 1.675480882039267954e+02 3.287849459431851074e+02
6.010000000000000897e-01 1.511088409067675400e+02 3.287849459431848231e+02
6.510000000000000231e-01 1.346695936096083130e+02 3.287849459431848231e+02
7.010000000000000675e-01 1.182303463124490577e+02 3.287849459431852210e+02
7.510000000000000009e-01 1.017910990152897881e+02 3.420074253011877090e+02
8.010000000000000453e-01 8.402960378233028393e+01 3.420074253011875953e+02
8.510000000000000897e-01 6.759035648517102857e+01 3.119542188937523974e+02
9.010000000000000231e-01 5.283418189295504419e+01 2.771740575861558114e+02
9.510000000000000675e-01 3.987295072655544459e+01 2.392725365737721290e+02
1.000999999999999890e+00 2.890692823557782987e+01 1.991482118420400980e+02
1.050999999999999934e+00 1.995812954235143266e+01 1.583059923595742760e+02
1.100999999999999979e+00 1.307632899962040085e+01 1.031246232828424780e+02
1.151000000000000023e+00 9.645667214067184858e+00 5.988964363213225539e+01
1.201000000000000068e+00 7.087364636407174956e+00 4.624064053027498034e+01
1.250999999999999890e+00 5.021603161039686292e+00 3.710602643016730440e+01
1.300999999999999934e+00 3.376761993390444250e+00 3.036975402378946853e+01
1.350999999999999979e+00 1.984627758660739483e+00 2.530224291318570096e+01
1.401000000000000023e+00 8.465377020718739542e-01 2.061800362983738921e+01
1.451000000000000068e+00 -7.717260432299938300e-02 1.687718706626326792e+01
1.500999999999999890e+00 -8.411810045544531045e-01 1.394899468796469755e+01
1.550999999999999934e+00 -1.472072073119469193e+00 1.095412439362670298e+01
1.600999999999999979e+00 -1.936593443917123292e+00 8.134850022755408361e+00
1.651000000000000023e+00 -2.285557075395010074e+00 5.820330974281620051e+00
1.701000000000000068e+00 -2.518626541345285297e+00 3.648773760316190717e+00
1.750999999999999890e+00 -2.650434451426629145e+00 1.831660187312289523e+00
1.800999999999999934e+00 -2.701792560076514249e+00 1.818940158337900570e-01
1.850999999999999979e+00 -2.668623853010008151e+00 -1.340138171231051167e+00
1.901000000000000023e+00 -2.567778742953409132e+00 -2.474223601123313188e+00
1.951000000000000068e+00 -2.421201492897676832e+00 -3.384729137265232168e+00
2.000999999999999890e+00 -2.229305829226885916e+00 -4.078654957960554661e+00
2.051000000000000156e+00 -2.013335997101621366e+00 -4.475063077949299029e+00
2.100999999999999979e+00 -1.781799521431955968e+00 -4.650604964533339825e+00
2.150999999999999801e+00 -1.548275500648287339e+00 -4.644246194741925571e+00
2.201000000000000068e+00 -1.317374901957763411e+00 -4.317249643659137881e+00
2.250999999999999890e+00 -1.116550536282373551e+00 -3.844738854359457392e+00
2.301000000000000156e+00 -9.329010165218176720e-01 -3.426580837986247019e+00
2.350999999999999979e+00 -7.738924524837488272e-01 -2.827125214291717814e+00
2.401000000000000245e+00 -6.501884950926458684e-01 -2.212036629042531732e+00
2.451000000000000068e+00 -5.526887895794956318e-01 -1.992210048670017164e+00
2.500999999999999890e+00 -4.509674902256441409e-01 -1.885202603285918599e+00
2.551000000000000156e+00 -3.641685292509037608e-01 -1.656745125084804648e+00
2.600999999999999979e+00 -2.852929777171636649e-01 -1.331816459900528438e+00
2.651000000000000245e+00 -2.309868832608509004e-01 -1.114887374542469889e+00
2.701000000000000068e+00 -1.738042402629166594e-01 -1.110641532900877415e+00
2.750999999999999890e+00 -1.199227299707631422e-01 -8.954477306472231612e-01
2.801000000000000156e+00 -8.425946719819434050e-02 -4.319139710529630305e-01
2.850999999999999979e+00 -7.673133286546683640e-02 -4.644465064203628923e-02
2.901000000000000245e+00 -7.961500213399071157e-02 2.229404701654436050e-01
2.951000000000000068e+00 -9.902537988201119690e-02 4.661863626254446058e-01
3.000999999999999890e+00 -1.262336383965351749e-01 7.440817159184960339e-01
3.051000000000000156e+00 -1.734335514738608031e-01 9.721495443664668334e-01
3.100999999999999979e+00 -2.234485928331818583e-01 9.733255808852953050e-01
3.151000000000000245e+00 -2.707661095623903336e-01 9.006416589587507016e-01
3.201000000000000068e+00 -3.135127587290569284e-01 8.387415256340630121e-01
3.250999999999999890e+00 -3.546402621257966348e-01 7.591259151722534737e-01
3.301000000000000156e+00 -3.894253502462822758e-01 5.267940405690363370e-01
3.350999999999999979e+00 -4.073196661827002685e-01 2.036151224754895184e-01
3.401000000000000245e+00 -4.097868624938312276e-01 3.077480748089334028e-03
3.451000000000000068e+00 -4.076274142575092019e-01 -1.147584789345890144e-01
3.500999999999999890e+00 -3.983110146003723262e-01 -2.397082969686037401e-01
3.551000000000000156e+00 -3.836565845606488279e-01 -3.367577805129795543e-01
3.600999999999999979e+00 -3.646352365490743708e-01 -4.541250519980771783e-01
3.651000000000000245e+00 -3.382440793608411100e-01 -4.629027128380847067e-01
3.701000000000000068e+00 -3.183449652652659001e-01 -4.399502681757799794e-01
3.750999999999999890e+00 -2.942490525432631121e-01 -4.574631076993190826e-01
3.801000000000000156e+00 -2.725986544953339918e-01 -4.156598197174060649e-01
3.850999999999999979e+00 -2.526830705715225056e-01 -4.127677551245151344e-01
3.901000000000000245e+00 -2.313218789828824784e-01 -3.636049853120359998e-01
3.951000000000000068e+00 -2.163225720403189056e-01 -2.831044372844376822e-01
4.001000000000000334e+00 -2.030114352544387102e-01 -3.026742002709156831e-01
4.051000000000000156e+00 -1.860551520132273373e-01 -2.893029718158277031e-01
4.101000000000000867e+00 -1.740811380728559399e-01 -2.656577638272430986e-01
4.151000000000000689e+00 -1.594893756305030275e-01 -2.520005030121200140e-01
4.201000000000000512e+00 -1.488810877716439385e-01 -1.919041465728893447e-01
4.251000000000000334e+00 -1.402989609732140930e-01 -2.141328113159021718e-01
4.301000000000000156e+00 -1.274678066400537213e-01 -1.972531111395528503e-01
4.351000000000000867e+00 -1.205736498592588080e-01 -1.349977388513100285e-01
4.401000000000000689e+00 -1.139680327549227185e-01 -1.436210686739841647e-01
4.451000000000000512e+00 -1.062115429918603915e-01 -1.430527257663471996e-01
4.501000000000000334e+00 -9.966276017828799849e-02 -1.476836328988093139e-01
4.551000000000000156e+00 -9.144317970197946011e-02 -1.641908595226496126e-01
4.601000000000000867e+00 -8.324367422602303723e-02 -1.733906538087227889e-01
4.651000000000000689e+00 -7.410411432110718122e-02 -2.544118745200831255e-01
4.701000000000000512e+00 -5.780248677401472052e-02 -2.974218542896538420e-01
4.751000000000000334e+00 -4.436192889214179286e-02 -2.463861722178725677e-01
4.801000000000001044e+00 -3.316386955222746374e-02 -2.081192698948177155e-01
4.851000000000000867e+00 -2.355000190266002061e-02 -1.821712880961674219e-01
4.901000000000000689e+00 -1.494674074261071947e-02 -1.653038792869310492e-01
4.951000000000000512e+00 -7.019613973966914999e-03 -1.494674074261071739e-01
5.001000000000000334e+00 -2.168404344971008868e-19 -1.403922794793383000e-01
