1.000000000000000021e-03 1.222702399842909671e+02 1.626884073780530571e+01
5.100000000000000366e-02 1.214567979474007018e+02 3.253768147561046931e+01
1.010000000000000064e-01 1.190164718367299201e+02 6.507536295122093861e+01
1.510000000000000231e-01 1.149492616522786079e+02 9.761304442683140792e+01
2.010000000000000120e-01 1.092551673940467793e+02 1.138818851646365715e+02
2.510000000000000009e-01 1.035610731358149508e+02 1.138818851646365715e+02
3.010000000000000453e-01 9.786697887758312220e+01 1.138818851646367136e+02
3.510000000000000342e-01 9.217288461935127941e+01 1.138818851646367136e+02
4.010000000000000231e-01 8.647879036111945084e+01 1.138818851646365715e+02
4.510000000000000120e-01 8.078469610288762226e+01 1.138818851646367136e+02
5.010000000000000009e-01 7.509060184465577947e+01 1.138818851646367136e+02
5.510000000000000453e-01 6.939650758642395090e+01 1.138818851646365715e+02
6.010000000000000897e-01 6.370241332819212232e+01 1.138818851646365715e+02
6.510000000000000231e-01 5.800831906996029375e+01 1.138818851646366426e+02
7.010000000000000675e-01 5.231422481172845806e+01 1.138818851646366426e+02
7.510000000000000009e-01 4.662013055349662949e+01 1.138818851646365715e+02
8.010000000000000453e-01 4.092603629526480091e+01 1.181487450079917778e+02
8.510000000000000897e-01 3.480525605269745171e+01 1.179348213763179132e+02
9.010000000000000231e-01 2.913255415763300959e+01 1.111594969447114352e+02
9.510000000000000675e-01 2.368930635822630748e+01 1.047113481793295193e+02
1.000999999999999890e+00 1.866141933970005695e+01 9.625814564762400494e+01
1.050999999999999934e+00 1.406349179346390699e+01 8.382999197658250523e+01
1.100999999999999979e+00 1.027842014204180643e+01 6.885694102941012318e+01
1.151000000000000023e+00 7.177797690522893959e+00 5.278229761479222759e+01
1.201000000000000068e+00 5.000190380562583137e+00 4.043982928593894854e+01
1.250999999999999890e+00 3.133814761928999548e+00 3.215270442769696047e+01
1.300999999999999934e+00 1.784919937792886824e+00 2.374582543096455112e+01
1.350999999999999979e+00 7.592322188325446586e-01 1.763745035436378572e+01
1.401000000000000023e+00 2.117490235650792973e-02 1.561781173660089728e+01
1.451000000000000068e+00 -8.025489548275451801e-01 1.508190400175535473e+01
1.500999999999999890e+00 -1.487015497819027532e+00 1.032580495394499920e+01
1.550999999999999934e+00 -1.835129450222044989e+00 6.670771400629311287e+00
1.600999999999999979e+00 -2.154092637881958705e+00 5.252944513910151159e+00
1.651000000000000023e+00 -2.360423901613060149e+00 3.067975006853438380e+00
1.701000000000000068e+00 -2.460890138567302543e+00 6.364723966186724979e-01
1.750999999999999890e+00 -2.424071141274927399e+00 -1.422225047081147054e+00
1.800999999999999934e+00 -2.318667633859187838e+00 -2.701525867670828696e+00
1.850999999999999979e+00 -2.153918554507844529e+00 -3.445521375147737597e+00
1.901000000000000023e+00 -1.974115496344414078e+00 -4.303848870246326896e+00
1.951000000000000068e+00 -1.723533667483211795e+00 -4.480654138944679232e+00
2.000999999999999890e+00 -1.526050082449946110e+00 -3.669836062678768496e+00
2.051000000000000156e+00 -1.356550061215334946e+00 -3.506411425399653670e+00
2.100999999999999979e+00 -1.175408939909980743e+00 -3.919759244690497191e+00
2.150999999999999801e+00 -9.645741367462852267e-01 -3.253131509884548134e+00
2.201000000000000068e+00 -8.500957889215259300e-01 -2.045532805643844654e+00
2.250999999999999890e+00 -7.600208561819007391e-01 -1.556953532356082359e+00
2.301000000000000156e+00 -6.944004356859176941e-01 -1.818676265835876826e+00
2.350999999999999979e+00 -5.781532295983130565e-01 -2.128710188248679192e+00
2.401000000000000245e+00 -4.815294168610497749e-01 -1.537318447573357005e+00
2.451000000000000068e+00 -4.244213848409773560e-01 -1.351971467725081588e+00
2.500999999999999890e+00 -3.463322700885416161e-01 -2.101859603742284310e+00
2.551000000000000156e+00 -2.142354244667488972e-01 -2.496473161173059729e+00
2.600999999999999979e+00 -9.668495397123559598e-02 -2.051421986371705586e+00
2.651000000000000245e+00 -9.093225829578343439e-03 -1.289545918182112505e+00
2.701000000000000068e+00 3.226963784697566007e-02 -1.187195555634967370e+00
2.750999999999999890e+00 1.096263297339183929e-01 -1.281520199369999835e+00
2.801000000000000156e+00 1.604216577839756297e-01 -6.727610473422734882e-01
2.850999999999999979e+00 1.769024344681457417e-01 -6.061636427464184296e-02
2.901000000000000245e+00 1.664832942114398140e-01 3.129611903681442375e-01
2.951000000000000068e+00 1.456063154313313179e-01 2.542519133208387405e-01
3.000999999999999890e+00 1.410581028793559399e-01 1.913964684358854251e-01
3.051000000000000156e+00 1.264666685877427754e-01 6.377657579132564036e-01
3.100999999999999979e+00 7.728152708803029403e-02 8.567662161012823407e-01
3.151000000000000245e+00 4.079004697761454828e-02 5.358685099925974971e-01
3.201000000000000068e+00 2.369467608877053738e-02 3.934021975584662267e-01
3.250999999999999890e+00 1.449827221767921188e-03 4.596845140831535836e-01
3.301000000000000156e+00 -2.227377531954482723e-02 6.819075576265393179e-01
3.350999999999999979e+00 -6.674092854088600757e-02 5.910919673995362889e-01
3.401000000000000245e+00 -8.138297205949845958e-02 1.326051600248492890e-01
3.451000000000000068e+00 -8.000144454337093647e-02 1.242196552092802997e-01
3.500999999999999890e+00 -9.380493758042648955e-02 4.011663869250757242e-01
3.551000000000000156e+00 -1.201180832358785117e-01 3.373341666154056062e-01
3.600999999999999979e+00 -1.275383542419670502e-01 -1.530345578843503307e-02
3.651000000000000245e+00 -1.185877376570350084e-01 -2.284990596223504533e-01
3.701000000000000068e+00 -1.046884482797320048e-01 -9.751457077713993060e-02
3.750999999999999890e+00 -1.088362805793210153e-01 3.803481872666977792e-02
3.801000000000000156e+00 -1.084919301523989826e-01 -2.185916265572850070e-01
3.850999999999999979e+00 -8.697711792359251459e-02 -3.549203698102064153e-01
3.901000000000000245e+00 -7.299989317137833833e-02 -2.014391533996197359e-01
3.951000000000000068e+00 -6.683320258363054100e-02 -1.271771431927600504e-01
4.001000000000000334e+00 -6.028217885210233190e-02 -2.474431552533687961e-01
4.051000000000000156e+00 -4.208888705829366000e-02 -3.355214899994663491e-01
4.101000000000000867e+00 -2.673002985215569560e-02 -2.589640182875799779e-01
4.151000000000000689e+00 -1.619248522953566083e-02 -2.003492304750273956e-01
4.201000000000000512e+00 -6.695106804652955525e-03 -2.390697601319254351e-01
4.251000000000000334e+00 7.714490783656883371e-03 -2.205321345291509638e-01
4.301000000000000156e+00 1.535810664826214172e-02 -1.071752536878179535e-01
4.351000000000000867e+00 1.843201615243867872e-02 -2.283016376770998640e-02
4.401000000000000689e+00 1.764112302503314036e-02 -3.500590585342272520e-02
4.451000000000000512e+00 2.193260673778095124e-02 -5.441175564062275538e-02
4.501000000000000334e+00 2.308229858909541590e-02 2.399773393517413977e-02
4.551000000000000156e+00 1.953283334426353726e-02 9.849250265358430734e-02
4.601000000000000867e+00 1.323304832373698413e-02 1.224373175039232264e-01
4.651000000000000689e+00 7.289101593871213577e-03 7.643770851316722403e-02
4.701000000000000512e+00 5.589277472420261898e-03 3.189826729901411306e-02
4.751000000000000334e+00 4.099274863969801924e-03 4.388232544230914051e-02
4.801000000000001044e+00 1.201044928189347934e-03 3.142367880292915028e-02
4.851000000000000867e+00 9.569069836768863543e-04 4.158639842496562530e-03
4.901000000000000689e+00 7.851809439396916163e-04 5.451968614356976495e-03
4.951000000000000512e+00 4.117101222411886615e-04 5.365265146703520130e-03
5.001000000000000334e+00 2.486544292693395383e-04 3.261113859436982464e-03
