1.000000000000000021e-03 1.485029957076755522e+02 2.160068260634318449e+01
5.100000000000000366e-02 1.474229615773583930e+02 4.320136521268665319e+01
1.010000000000000064e-01 1.441828591864068869e+02 8.640273042537330639e+01
1.510000000000000231e-01 1.387826885348210624e+02 1.296040956380596754e+02
2.010000000000000120e-01 1.312224496226009194e+02 1.512047782444030020e+02
2.510000000000000009e-01 1.236622107103807622e+02 1.512047782444031441e+02
3.010000000000000453e-01 1.161019717981606050e+02 1.512047782444030020e+02
3.510000000000000342e-01 1.085417328859404620e+02 1.512047782444028599e+02
4.010000000000000231e-01 1.009814939737203190e+02 1.512047782444030020e+02
4.510000000000000120e-01 9.342125506150016179e+01 1.512047782444030020e+02
5.010000000000000009e-01 8.586101614928001879e+01 1.512047782444028599e+02
5.510000000000000453e-01 7.830077723705987580e+01 1.512047782444030020e+02
6.010000000000000897e-01 7.074053832483971860e+01 1.512047782444031441e+02
6.510000000000000231e-01 6.318029941261956139e+01 1.512047782444030588e+02
7.010000000000000675e-01 5.562006050039941130e+01 1.512047782444029167e+02
7.510000000000000009e-01 4.805982158817926830e+01 1.427744942681589748e+02
8.010000000000000453e-01 4.134261107358351239e+01 1.368594341970358244e+02
8.510000000000000897e-01 3.437387816847568445e+01 1.316050132850316174e+02
9.010000000000000231e-01 2.818210974508034994e+01 1.179764854502782612e+02
9.510000000000000675e-01 2.257622962344785833e+01 1.052390340036437806e+02
1.000999999999999890e+00 1.765820634471597117e+01 9.012112440819123549e+01
1.050999999999999934e+00 1.356411718262873478e+01 7.229429205368703037e+01
1.100999999999999979e+00 1.042877713934726813e+01 6.212092531736296053e+01
1.151000000000000023e+00 7.352024650892438729e+00 4.972060789493665567e+01
1.201000000000000068e+00 5.456716349853602210e+00 3.654514627845250629e+01
1.250999999999999890e+00 3.697510023047188010e+00 3.080596142266901083e+01
1.300999999999999934e+00 2.376120207586700950e+00 2.326883840498049238e+01
1.350999999999999979e+00 1.370626182549138816e+00 1.816971301576204212e+01
1.401000000000000023e+00 5.591489060104966047e-01 1.540916084587207813e+01
1.451000000000000068e+00 -1.702899020380690964e-01 1.335785613100727431e+01
1.500999999999999890e+00 -7.766367070902308045e-01 1.066906936602449640e+01
1.550999999999999934e+00 -1.237196838640518770e+00 7.385874540886841366e+00
1.600999999999999979e+00 -1.515224161178915008e+00 5.187748472259099408e+00
1.651000000000000023e+00 -1.755971685866428711e+00 3.945658297207863541e+00
1.701000000000000068e+00 -1.909789990899701362e+00 2.193263173695012558e+00
1.750999999999999890e+00 -1.975298003235929967e+00 6.468120377802355492e-01
1.800999999999999934e+00 -1.974471194677724917e+00 -6.521978962475261099e-01
1.850999999999999979e+00 -1.910078213611177356e+00 -1.239498379632721914e+00
1.901000000000000023e+00 -1.850521356714452725e+00 -1.631437828975754734e+00
1.951000000000000068e+00 -1.746934430713601882e+00 -2.535175911021796402e+00
2.000999999999999890e+00 -1.597003765612273085e+00 -2.970488594246702974e+00
2.051000000000000156e+00 -1.449885571288931585e+00 -2.846920195520483698e+00
2.100999999999999979e+00 -1.312311746060224715e+00 -2.894933074672025874e+00
2.150999999999999801e+00 -1.160392263821728998e+00 -3.202825032809435424e+00
2.201000000000000068e+00 -9.920292427792811729e-01 -3.373574874702334192e+00
2.250999999999999890e+00 -8.230347763514955783e-01 -3.018745285735915385e+00
2.301000000000000156e+00 -6.901547142056896345e-01 -2.733066575205709281e+00
2.350999999999999979e+00 -5.497281188309246502e-01 -2.816661956036528025e+00
2.401000000000000245e+00 -4.084885186020368320e-01 -2.649727335290139596e+00
2.451000000000000068e+00 -2.847553853019106906e-01 -2.119416192711473190e+00
2.500999999999999890e+00 -1.965468993308894796e-01 -1.735515347228184790e+00
2.551000000000000156e+00 -1.112038505790921977e-01 -1.912896468022736274e+00
2.600999999999999979e+00 -5.257252528615842524e-03 -1.757023045486219681e+00
2.651000000000000245e+00 6.449845396952978704e-02 -1.082892121060014423e+00
2.701000000000000068e+00 1.030319595773856178e-01 -7.052360834371730336e-01
2.750999999999999890e+00 1.350220623132470932e-01 -6.642437903278644029e-01
2.801000000000000156e+00 1.694563386101720637e-01 -5.549920974694652065e-01
2.850999999999999979e+00 1.905212720601936194e-01 -1.648773525347868585e-01
2.901000000000000245e+00 1.859440738636507495e-01 2.536932392780202883e-01
2.951000000000000068e+00 1.651519481323915906e-01 3.143580987484567713e-01
3.000999999999999890e+00 1.545082639888050724e-01 2.394493722870097430e-01
3.051000000000000156e+00 1.412070109036906163e-01 4.768974714906433210e-01
3.100999999999999979e+00 1.068185168397407375e-01 7.948509942990500399e-01
3.151000000000000245e+00 6.172191147378561227e-02 7.844870141348719850e-01
3.201000000000000068e+00 2.836981542625353903e-02 6.016469441722838152e-01
3.250999999999999890e+00 1.557217056557224678e-03 6.004783275456940794e-01
3.301000000000000156e+00 -3.167801732831587724e-02 7.579066332801712713e-01
3.350999999999999979e+00 -7.423344627145990471e-02 7.740690096734512693e-01
3.401000000000000245e+00 -1.090849182956610125e-01 3.854733752456032669e-01
3.451000000000000068e+00 -1.127807837960202314e-01 1.281062761785345394e-01
3.500999999999999890e+00 -1.218955459135144664e-01 2.449837909333381358e-01
3.551000000000000156e+00 -1.372791628893540450e-01 2.635664095047008937e-01
3.600999999999999979e+00 -1.482521868639845586e-01 4.724355317198919435e-02
3.651000000000000245e+00 -1.420035182065529644e-01 -2.174829500777658575e-01
3.701000000000000068e+00 -1.265038918562079728e-01 -2.150115325757305518e-01
3.750999999999999890e+00 -1.205023649489799092e-01 -6.957513123860559201e-02
3.801000000000000156e+00 -1.195463787323474136e-01 -1.958917451998012926e-01
3.850999999999999979e+00 -1.009131904289997800e-01 -3.737987569994498105e-01
3.901000000000000245e+00 -8.216650303240242981e-02 -2.839554223957091450e-01
3.951000000000000068e+00 -7.251764818942886548e-02 -1.469922388419692139e-01
4.001000000000000334e+00 -6.746727914820550842e-02 -1.267319917826058850e-01
4.051000000000000156e+00 -5.984444901116827559e-02 -1.677237899616989270e-01
4.101000000000000867e+00 -5.069490015203561434e-02 -1.061360844170038120e-01
4.151000000000000689e+00 -4.923084056946789439e-02 3.020767847204605672e-03
4.201000000000000512e+00 -5.099697693675607491e-02 -8.633690228304069514e-03
4.251000000000000334e+00 -4.836747154663748743e-02 -8.731733733782158502e-02
4.301000000000000156e+00 -4.226524320297391640e-02 -1.097101704976355396e-01
4.351000000000000867e+00 -3.739645449687393347e-02 -1.165650202397621876e-01
4.401000000000000689e+00 -3.060874117899769695e-02 -1.258136945717878985e-01
4.451000000000000512e+00 -2.481508503969514362e-02 -1.200120054041860229e-01
4.501000000000000334e+00 -1.860754063857909466e-02 -1.196757989579182307e-01
4.551000000000000156e+00 -1.284750514390332020e-02 -8.841636396202218195e-02
4.601000000000000867e+00 -9.765904242376876113e-03 -4.908618629537250116e-02
4.651000000000000689e+00 -7.938886514366069735e-03 -3.971477912930680698e-02
4.701000000000000512e+00 -5.794426329446195241e-03 -2.495456141539668937e-02
4.751000000000000334e+00 -5.443430372826400798e-03 -9.975282055778933801e-03
4.801000000000001044e+00 -4.796898123868301861e-03 -1.436345133420511948e-02
4.851000000000000867e+00 -4.007085239405888850e-03 -2.087413056612535608e-02
4.901000000000000689e+00 -2.709485067255766252e-03 -2.753856468034915350e-02
4.951000000000000512e+00 -1.253228771370973717e-03 -2.721974804014135052e-02
5.001000000000000334e+00 1.248973675836865052e-05 -2.531437016258684600e-02
