1.000000000000000021e-03 1.633126085546693105e+02 2.345780746907507819e+01
5.100000000000000366e-02 1.621397181812155566e+02 4.691561493815100903e+01
1.010000000000000064e-01 1.586210470608542096e+02 9.383122987630230227e+01
1.510000000000000231e-01 1.527565951935853263e+02 1.407468448144527429e+02
2.010000000000000120e-01 1.445463625794089353e+02 1.642046522835281053e+02
2.510000000000000009e-01 1.363361299652325158e+02 1.642046522835283895e+02
3.010000000000000453e-01 1.281258973510560963e+02 1.642046522835282474e+02
3.510000000000000342e-01 1.199156647368796911e+02 1.642046522835282474e+02
4.010000000000000231e-01 1.117054321227032716e+02 1.642046522835283895e+02
4.510000000000000120e-01 1.034951995085268521e+02 1.642046522835283895e+02
5.010000000000000009e-01 9.528496689435043265e+01 1.642046522835283895e+02
5.510000000000000453e-01 8.707473428017401318e+01 1.642046522835282474e+02
6.010000000000000897e-01 7.886450166599760792e+01 1.642046522835282474e+02
6.510000000000000231e-01 7.065426905182118844e+01 1.642046522835284463e+02
7.010000000000000675e-01 6.244403643764476186e+01 1.642046522835283895e+02
7.510000000000000009e-01 5.423380382346834949e+01 1.584107874675507901e+02
8.010000000000000453e-01 4.660295769088968143e+01 1.547974442226272629e+02
8.510000000000000897e-01 3.875405940120562320e+01 1.520714779683231086e+02
9.010000000000000231e-01 3.139580989405736844e+01 1.385779333253322818e+02
9.510000000000000675e-01 2.489626606867239289e+01 1.216420754540461076e+02
1.000999999999999890e+00 1.923160234865275697e+01 1.039949785797652879e+02
1.050999999999999934e+00 1.449676821069586374e+01 8.487946636311323800e+01
1.100999999999999979e+00 1.074365571234143246e+01 7.038327130523379083e+01
1.151000000000000023e+00 7.458441080172484305e+00 5.274328430897125486e+01
1.201000000000000068e+00 5.469327281444306799e+00 3.487223820337438696e+01
1.250999999999999890e+00 3.971217259835045255e+00 2.773742279159863600e+01
1.300999999999999934e+00 2.695585002284443199e+00 2.235920697326687900e+01
1.350999999999999979e+00 1.735296562508357177e+00 1.794822601307211229e+01
1.401000000000000023e+00 9.007624009772318141e-01 1.553420895791462364e+01
1.451000000000000068e+00 1.818756667168947849e-01 1.355126007816354949e+01
1.500999999999999890e+00 -4.543636068391232463e-01 1.187883616446694113e+01
1.550999999999999934e+00 -1.006007949729799344e+00 9.367761751921351632e+00
1.600999999999999979e+00 -1.391139782031258543e+00 7.178210517012613145e+00
1.651000000000000023e+00 -1.723829001431060659e+00 6.132855915576420180e+00
1.701000000000000068e+00 -2.004425373588900605e+00 4.108424526370401786e+00
1.750999999999999890e+00 -2.134671454068100882e+00 1.896741175949516744e+00
1.800999999999999934e+00 -2.194099491183852280e+00 4.881224113384785568e-01
1.850999999999999979e+00 -2.183483695201948738e+00 -5.673206158331511872e-01
1.901000000000000023e+00 -2.137367429600537161e+00 -1.529289641516440312e+00
1.951000000000000068e+00 -2.030554731050304706e+00 -2.815230357068663203e+00
2.000999999999999890e+00 -1.855844393893670841e+00 -3.399960931306920120e+00
2.051000000000000156e+00 -1.690558637919612694e+00 -3.284617236811391283e+00
2.100999999999999979e+00 -1.527382670212531712e+00 -3.514230741340056419e+00
2.150999999999999801e+00 -1.339135563785607053e+00 -3.821694852304697854e+00
2.201000000000000068e+00 -1.145213184982061927e+00 -3.823316778614367362e+00
2.250999999999999890e+00 -9.568038859241703165e-01 -3.339947870831204479e+00
2.301000000000000156e+00 -8.112183978989414568e-01 -2.830875239623803274e+00
2.350999999999999979e+00 -6.737163619617899668e-01 -2.934391155728828249e+00
2.401000000000000245e+00 -5.177792823260586319e-01 -2.835251319756529220e+00
2.451000000000000068e+00 -3.901912299861370337e-01 -2.374626978189088078e+00
2.500999999999999890e+00 -2.803165845071498019e-01 -1.989994773434410780e+00
2.551000000000000156e+00 -1.911917526426959446e-01 -1.837448998726028293e+00
2.600999999999999979e+00 -9.657168463454696150e-02 -1.954179557856488225e+00
2.651000000000000245e+00 4.226203142952890401e-03 -1.675650377781287448e+00
2.701000000000000068e+00 7.099335314358179438e-02 -1.010366566669731458e+00
2.750999999999999890e+00 1.052628598099260293e-01 -8.498107676914162800e-01
2.801000000000000156e+00 1.559744299127234224e-01 -8.968780337264631308e-01
2.850999999999999979e+00 1.949506631825723424e-01 -5.608308050211598950e-01
2.901000000000000245e+00 2.120575104148394174e-01 -1.026861286873376189e-02
2.951000000000000068e+00 1.959775244694457186e-01 3.611539665095242491e-01
3.000999999999999890e+00 1.759421137638869925e-01 2.789834595952850327e-01
3.051000000000000156e+00 1.680791785099172153e-01 3.323800330572801442e-01
3.100999999999999979e+00 1.427041104581589781e-01 7.639839110670306743e-01
3.151000000000000245e+00 9.168078740321414233e-02 8.682173853883229375e-01
3.201000000000000068e+00 5.588237191932668435e-02 6.897358587948457798e-01
3.250999999999999890e+00 2.270720152372955603e-02 5.817567491393854651e-01
3.301000000000000156e+00 -2.293302994611858686e-03 4.932336860106187326e-01
3.350999999999999979e+00 -2.661616707733231377e-02 4.507321777365436155e-01
3.401000000000000245e+00 -4.736652076826621677e-02 2.876084191697217407e-01
3.451000000000000068e+00 -5.537700899430449131e-02 1.430017762888036725e-01
3.500999999999999890e+00 -6.166669839714658541e-02 1.686744342172889766e-01
3.551000000000000156e+00 -7.224445241603338896e-02 9.731182392005099935e-02
3.600999999999999979e+00 -7.139788078915168534e-02 2.227933693497038958e-02
3.651000000000000245e+00 -7.447238610953042792e-02 5.645439073860641921e-02
3.701000000000000068e+00 -7.704331986301232726e-02 3.874985830579338875e-02
3.750999999999999890e+00 -7.834737194010976680e-02 2.948199269504223063e-02
3.801000000000000156e+00 -7.999151913251655033e-02 8.846982628024718798e-02
3.850999999999999979e+00 -8.719435456813448559e-02 1.399682662269970124e-01
3.901000000000000245e+00 -9.398834575521625156e-02 9.039787461368326005e-02
3.951000000000000068e+00 -9.623414202950281160e-02 -7.655052382766897034e-03
4.001000000000000334e+00 -9.322284051693956186e-02 -6.565055101145911287e-02
4.051000000000000156e+00 -8.966908692835690031e-02 -2.585695897773770957e-02
4.101000000000000867e+00 -9.063714461916579090e-02 -1.691153696233141379e-02
4.151000000000000689e+00 -8.797793323212375893e-02 -1.606998296791251057e-01
4.201000000000000512e+00 -7.456716165125328033e-02 -2.198138909590789669e-01
4.251000000000000334e+00 -6.599654413621586224e-02 -1.163569396814358170e-01
4.301000000000000156e+00 -6.293146768310969863e-02 -7.550607285627036758e-02
4.351000000000000867e+00 -5.844593685058882548e-02 -1.094406454484430496e-01
4.401000000000000689e+00 -5.198740313826539367e-02 -1.487611957931527507e-01
4.451000000000000512e+00 -4.356981727127354903e-02 -1.303450267300411969e-01
4.501000000000000334e+00 -3.895290046526127259e-02 -8.868659944448221977e-02
4.551000000000000156e+00 -3.470115732682532705e-02 -1.182185235621520392e-01
4.601000000000000867e+00 -2.713104810904606867e-02 -1.120814123488861336e-01
4.651000000000000689e+00 -2.349301609193671370e-02 -6.926884586650451647e-02
4.701000000000000512e+00 -2.020416352239561703e-02 -7.881428623830340208e-02
4.751000000000000334e+00 -1.561158746810637279e-02 -8.258468778105501618e-02
4.801000000000001044e+00 -1.194569474429011541e-02 -6.679770636691863273e-02
4.851000000000000867e+00 -8.931816831414508828e-03 -6.101926183945943077e-02
4.901000000000000689e+00 -5.843768560344172157e-03 -5.474624592038343507e-02
4.951000000000000512e+00 -3.457192239376165148e-03 -5.843768560344171636e-02
5.001000000000000334e+00 -5.421010862427522170e-20 -6.914384478752329255e-02
