1.000000000000000021e-03 2.229200108137029588e+02 3.097811229979583914e+01
5.100000000000000366e-02 2.213711051987131668e+02 6.195622459959082562e+01
1.010000000000000064e-01 2.167243883537438762e+02 1.239124491991805144e+02
1.510000000000000231e-01 2.089798602787951154e+02 1.858686737987707716e+02
2.010000000000000120e-01 1.981375209738667991e+02 2.168467860985660423e+02
2.510000000000000009e-01 1.872951816689385112e+02 2.168467860985663265e+02
3.010000000000000453e-01 1.764528423640101664e+02 2.168467860985666107e+02
3.510000000000000342e-01 1.656105030590818501e+02 2.168467860985663265e+02
4.010000000000000231e-01 1.547681637541535338e+02 2.168467860985657580e+02
4.510000000000000120e-01 1.439258244492252743e+02 2.168467860985657580e+02
5.010000000000000009e-01 1.330834851442969580e+02 2.168467860985664686e+02
5.510000000000000453e-01 1.222411458393686274e+02 2.168467860985663265e+02
6.010000000000000897e-01 1.113988065344403253e+02 2.168467860985659001e+02
6.510000000000000231e-01 1.005564672295120374e+02 2.168467860985660423e+02
7.010000000000000675e-01 8.971412792458372110e+01 2.168467860985661844e+02
7.510000000000000009e-01 7.887178861965541898e+01 2.168467860985661844e+02
8.010000000000000453e-01 6.802944931472710266e+01 2.227836000970208374e+02
8.510000000000000897e-01 5.659342860995333524e+01 2.227836000970206953e+02
9.010000000000000231e-01 4.575108930502503313e+01 2.063267668308054681e+02
9.510000000000000675e-01 3.596075192687278843e+01 1.807068235687863762e+02
1.000999999999999890e+00 2.768040694814639480e+01 1.542093377783625670e+02
1.050999999999999934e+00 2.053981814903653103e+01 1.303929354301342869e+02
1.100999999999999979e+00 1.464111340513296611e+01 1.045682009229944924e+02
1.151000000000000023e+00 1.008299805673708072e+01 7.170209766083577563e+01
1.201000000000000068e+00 7.470903639049387479e+00 4.370629106039096712e+01
1.250999999999999890e+00 5.712368950697984005e+00 3.215051121421577562e+01
1.300999999999999934e+00 4.255852517627809917e+00 2.987845425760839291e+01
1.350999999999999979e+00 2.724523524937144447e+00 2.691720301183597641e+01
1.401000000000000023e+00 1.564132216444212187e+00 2.130099861255972016e+01
1.451000000000000068e+00 5.944236636811720542e-01 1.785671786776912029e+01
1.500999999999999890e+00 -2.215395703327001087e-01 1.441912474905349129e+01
1.550999999999999934e+00 -8.474888112241771854e-01 1.149768428672411602e+01
1.600999999999999979e+00 -1.371307999005111800e+00 8.020872305002281877e+00
1.651000000000000023e+00 -1.649576041724405417e+00 4.401020013106791140e+00
1.701000000000000068e+00 -1.811410000315790914e+00 2.316651451446636312e+00
1.750999999999999890e+00 -1.881241186869069049e+00 1.725848503409399548e-01
1.800999999999999934e+00 -1.828668485349884909e+00 -2.002102987088372199e+00
1.850999999999999979e+00 -1.681030888160231829e+00 -3.441566143061993710e+00
1.901000000000000023e+00 -1.484511871043685538e+00 -4.197314773559601697e+00
1.951000000000000068e+00 -1.261299410804271659e+00 -3.888725585849293065e+00
2.000999999999999890e+00 -1.095639312458756232e+00 -3.028728132058350120e+00
2.051000000000000156e+00 -9.584265975984366248e-01 -2.669654035513127077e+00
2.100999999999999979e+00 -8.286739089074435238e-01 -2.735800113689204061e+00
2.150999999999999801e+00 -6.848465862295162188e-01 -2.307523166907745615e+00
2.201000000000000068e+00 -5.979215922166689623e-01 -1.161166874487934431e+00
2.250999999999999890e+00 -5.687298987807227757e-01 -5.170435257488681380e-01
2.301000000000000156e+00 -5.462172396417821485e-01 -1.333744183565884089e+00
2.350999999999999979e+00 -4.353554804241343557e-01 -2.373758828214823424e+00
2.401000000000000245e+00 -3.088413568202997839e-01 -2.105496100714792096e+00
2.451000000000000068e+00 -2.248058703526551183e-01 -1.944590873420465327e+00
2.500999999999999890e+00 -1.143822694782532512e-01 -2.768857752502504876e+00
2.551000000000000156e+00 5.207990489759536240e-02 -3.325700668861816034e+00
2.600999999999999979e+00 2.181877974079283744e-01 -2.775677360888283207e+00
2.651000000000000245e+00 3.296476409864236845e-01 -1.521023178173134260e+00
2.701000000000000068e+00 3.702901152252418004e-01 -1.336289291693506520e+00
2.750999999999999890e+00 4.632765701557743365e-01 -1.482662401060629298e+00
2.801000000000000156e+00 5.185563553313047302e-01 -5.305773303156807730e-01
2.850999999999999979e+00 5.163343031873424138e-01 3.591377696675601694e-01
2.901000000000000245e+00 4.826425783645487133e-01 5.344397864163802359e-01
2.951000000000000068e+00 4.628903245457043902e-01 1.804106646246206314e-01
3.000999999999999890e+00 4.646015119020866502e-01 2.460903989774054779e-01
3.051000000000000156e+00 4.382812846479638424e-01 1.112536004924150612e+00
3.100999999999999979e+00 3.533479114096715890e-01 1.357364230137010797e+00
3.151000000000000245e+00 3.025448616342627517e-01 7.670532135457353018e-01
3.201000000000000068e+00 2.766425900550980588e-01 7.497062841123980359e-01
3.250999999999999890e+00 2.275742332230229481e-01 1.083108165457360439e+00
3.301000000000000156e+00 1.683317735093620149e-01 1.094973022018548958e+00
3.350999999999999979e+00 1.180769310211680356e-01 6.936934410956796526e-01
3.401000000000000245e+00 9.896242939979404962e-02 1.891133654323279289e-01
3.451000000000000068e+00 9.916559447793524273e-02 2.266075706168668713e-01
3.500999999999999890e+00 7.630167233810736249e-02 5.264275924798271777e-01
3.551000000000000156e+00 4.652283522995252080e-02 2.442589494996363075e-01
3.600999999999999979e+00 5.187577738814373035e-02 -1.107827236592591469e-01
3.651000000000000245e+00 5.760110759587843549e-02 -5.179513311115671592e-02
3.701000000000000068e+00 5.705529069925940194e-02 1.842289522883060748e-01
3.750999999999999890e+00 3.917821236704782661e-02 3.838102072872563442e-01
3.801000000000000156e+00 1.867426997053376475e-02 1.140738455771902332e-01
3.850999999999999979e+00 2.777082780932880329e-02 -6.094799746790148520e-02
3.901000000000000245e+00 2.476906971732391327e-02 2.184709203398896293e-01
3.951000000000000068e+00 5.923735775339838625e-03 1.968936204178828309e-01
4.001000000000000334e+00 5.079707675535630185e-03 -1.070463657842468386e-01
4.051000000000000156e+00 1.662837235376452352e-02 -2.258632072433713889e-01
4.101000000000000867e+00 2.766602839987276907e-02 -1.980948576727994404e-01
4.151000000000000689e+00 3.643785812104446964e-02 -1.326352855352396498e-01
4.201000000000000512e+00 4.092955695339673544e-02 -1.715400412833811838e-01
4.251000000000000334e+00 5.359186224938258802e-02 -1.980556580245397547e-01
4.301000000000000156e+00 6.073512275585071091e-02 -4.216572742859539535e-02
4.351000000000000867e+00 5.780843499224212756e-02 5.563806159159523368e-02
4.401000000000000689e+00 5.517131659669118754e-02 -4.602045153979453240e-03
4.451000000000000512e+00 5.826863950764007288e-02 -3.790101944840494619e-02
4.501000000000000334e+00 5.896141854153168216e-02 2.721007149419231441e-02
4.551000000000000156e+00 5.554763235822084144e-02 1.156489605933164883e-01
4.601000000000000867e+00 4.739652248220003333e-02 1.692045712201711849e-01
4.651000000000000689e+00 3.862717523620372295e-02 1.434071092030821115e-01
4.701000000000000512e+00 3.305581156189182218e-02 1.412871364392407625e-01
4.751000000000000334e+00 2.449846159227964462e-02 1.881056393464430043e-01
4.801000000000001044e+00 1.424524762724752036e-02 1.618179479640081131e-01
4.851000000000000867e+00 8.316666795878831925e-03 1.026907995795089401e-01
4.901000000000000689e+00 3.976167669296626003e-03 6.978137888295202207e-02
4.951000000000000512e+00 1.338528907583629197e-03 3.128794966175742209e-02
5.001000000000000334e+00 8.473727031208836639e-04 9.823124089254909805e-03
