0.000000000000000000e+00 1.371922672999736221e+02 9.879287575017956513e+00
3.173325912716962877e-02 1.368787653073637500e+02 1.975857515003681186e+01
6.346651825433925753e-02 1.359382593295340769e+02 3.951715030007407137e+01
9.519977738150889324e-02 1.343707493664846311e+02 5.927572545011087612e+01
1.269330365086785151e-01 1.321762354182154127e+02 6.915501302512927850e+01
1.586662956358481369e-01 1.299817214699461942e+02 6.915501302512927850e+01
1.903995547630177865e-01 1.277872075216769758e+02 6.915501302512927850e+01
2.221328138901874083e-01 1.255926935734077574e+02 6.915501302512906534e+01
2.538660730173570301e-01 1.233981796251385532e+02 6.915501302512883797e+01
2.855993321445266520e-01 1.212036656768693490e+02 6.915501302512906534e+01
3.173325912716962738e-01 1.190091517286001306e+02 6.915501302512906534e+01
3.490658503988658956e-01 1.168146377803309264e+02 6.915501302512883797e+01
3.807991095260355729e-01 1.146201238320617222e+02 6.915501302512906534e+01
4.125323686532051948e-01 1.124256098837925038e+02 6.915501302512927850e+01
4.442656277803748166e-01 1.102310959355232853e+02 6.915501302512950588e+01
4.759988869075444384e-01 1.080365819872540527e+02 6.915501302512927850e+01
5.077321460347140603e-01 1.058420680389848485e+02 6.915501302512883797e+01
5.394654051618836821e-01 1.036475540907156443e+02 6.915501302512883797e+01
5.711986642890533039e-01 1.014530401424464401e+02 6.915501302512906534e+01
6.029319234162229257e-01 9.925852619417722167e+01 6.915501302512906534e+01
6.346651825433925476e-01 9.706401224590801746e+01 6.915501302512906534e+01
6.663984416705621694e-01 9.486949829763879904e+01 6.915501302512906534e+01
6.981317007977317912e-01 9.267498434936959484e+01 6.915501302512906534e+01
7.298649599249014130e-01 9.048047040110037642e+01 6.915501302512906534e+01
7.615982190520711459e-01 8.828595645283117221e+01 6.915501302512883797e+01
7.933314781792407677e-01 8.609144250456196801e+01 6.915501302512906534e+01
8.250647373064103896e-01 8.389692855629274959e+01 -1.536777575796961059e+01
8.567979964335800114e-01 8.706678172523373860e+01 -1.536777575796983442e+01
8.885312555607496332e-01 8.487226777696453439e+01 1.380957448324791699e+02
9.202645146879192550e-01 7.830232561497662402e+01 2.147059346300530080e+02
9.519977738150888769e-01 7.124562965745130327e+01 2.169577283959123122e+02
9.837310329422584987e-01 6.453277398531747622e+01 2.061473596658434815e+02
1.015464292069428121e+00 5.816217449213520752e+01 2.061579496386844994e+02
1.047197551196597853e+00 5.144864671129675315e+01 3.140681840026864506e+02
1.078930810323767364e+00 3.822936035902152696e+01 3.337824190460033833e+02
1.110664069450937097e+00 3.026463871993606247e+01 1.773733201877065255e+02
1.142397328578106608e+00 2.697209329549568935e+01 8.277618133591383298e+01
1.174130587705276341e+00 2.501112269615579109e+01 6.191583799653138698e+01
1.205863846832445851e+00 2.304251063305611780e+01 6.995672213888926194e+01
1.237597105959615584e+00 2.057121311351423643e+01 6.772018328828977474e+01
1.269330365086785095e+00 1.874454638420267472e+01 2.367067967303184517e+01
1.301063624213954828e+00 1.906891748995314373e+01 -1.781964544234851289e+01
1.332796883341124339e+00 1.987549723695533999e+01 -3.505712482142279640e+01
1.364530142468294072e+00 2.129387114237662360e+01 -4.028690559115654679e+01
1.396263401595463582e+00 2.243236686606731922e+01 -4.103629400707689712e+01
1.427996660722633315e+00 2.389830184506720201e+01 -5.203895278096060650e+01
1.459729919849802826e+00 2.573509801267685404e+01 -4.829221464028933042e+01
1.491463178976972559e+00 2.696324056707759453e+01 -2.395480001278081517e+01
1.523196438104142292e+00 2.725542576496705394e+01 -1.786723119293082007e+01
1.554929697231311803e+00 2.809721152173823810e+01 -1.416556505399477928e+01
1.586662956358481535e+00 2.815446485804944388e+01 -1.753876854575834088e+00
1.618396215485651046e+00 2.820852397914503840e+01 1.725771246008104143e+01
1.650129474612820779e+00 2.705917793517357239e+01 4.136221649898641317e+01
1.681862733739990290e+00 2.558340811067218468e+01 3.773768012632999103e+01
1.713595992867160023e+00 2.466409877055943412e+01 2.589034652023592642e+01
1.745329251994329534e+00 2.394023796063446241e+01 3.775416281737742707e+01
1.777062511121499266e+00 2.226797350693305333e+01 4.996689500820041729e+01
1.808795770248668777e+00 2.076901310648385746e+01 5.481905425344818639e+01
1.840529029375838510e+00 1.878879899947096987e+01 5.012190560190492050e+01
1.872262288503008021e+00 1.758795026965828967e+01 3.461027318518519991e+01
1.903995547630177754e+00 1.659220546457574486e+01 3.187125440014533595e+01
1.935728806757347265e+00 1.556519272048277536e+01 3.218955690981544393e+01
1.967462065884516997e+00 1.454924636335985078e+01 2.689777735957039440e+01
1.999195325011686508e+00 1.385808444269044770e+01 2.492515390131561048e+01
2.030928584138856241e+00 1.296733362828978819e+01 2.792924792285027635e+01
2.062661843266025752e+00 1.208551231956490390e+01 2.646274525307419623e+01
2.094395102393195707e+00 1.128783532362562525e+01 1.790038861488593369e+01
2.126128361520365218e+00 1.094943697877847910e+01 9.393158725905040640e+00
2.157861620647534728e+00 1.069168424388206695e+01 9.019351845349977026e+00
2.189594879774704239e+00 1.037701012024326630e+01 1.156182817853987999e+01
2.221328138901874194e+00 9.957895264735231677e+00 7.479397170681121310e+00
2.253061398029043705e+00 9.902318823178779539e+00 -6.266793999353158284e+00
2.284794657156213216e+00 1.035562686049136261e+01 -1.443190159685410023e+01
2.316527916283382726e+00 1.081826136932034821e+01 -6.679213364332456493e+00
2.348261175410552681e+00 1.077953327740339518e+01 8.406791835555499359e-01
2.379994434537722192e+00 1.076490638857117688e+01 1.003782674437026401e+00
2.411727693664891703e+00 1.071582668597284815e+01 -3.450186438864806249e+00
2.443460952792061214e+00 1.098387770917426387e+01 -4.306415169667044296e+00
2.475194211919231169e+00 1.098913986294928513e+01 5.417843377537096217e+00
2.506927471046400679e+00 1.064002605355465469e+01 1.239592969124819177e+01
2.538660730173570190e+00 1.020241336492017581e+01 9.878116229753493016e+00
2.570393989300740145e+00 1.001309640954051972e+01 5.881799350838154972e+00
2.602127248427909656e+00 9.829116039051845277e+00 3.185144687148531162e+00
2.633860507555079167e+00 9.810946366110895767e+00 3.687562073208567881e+00
2.665593766682248678e+00 9.595079313418544587e+00 4.117034543669119806e+00
2.697327025809418632e+00 9.549652518091374276e+00 -1.306641976704644881e+00
2.729060284936588143e+00 9.678007330284955856e+00 -4.072784385297418375e+00
2.760793544063757654e+00 9.808137962626840789e+00 -4.304840649871796820e+00
2.792526803190927165e+00 9.951220577972065939e+00 -3.055536790623229582e+00
2.824260062318097120e+00 1.000206224412573519e+01 -7.705062357216792890e+00
2.855993321445266631e+00 1.044023405871718779e+01 -1.017493825655806639e+01
2.887726580572436141e+00 1.064783014872235256e+01 -7.944347045198050239e+00
2.919459839699605652e+00 1.094443410548005602e+01 -1.505852715927536556e+00
2.951193098826775607e+00 1.074340137760611391e+01 3.305448290742407202e+00
2.982926357953945118e+00 1.073464881119687853e+01 -5.554358710463168869e+00
3.014659617081114629e+00 1.109591718609487287e+01 -1.641800409169168518e+01
3.046392876208284584e+00 1.177664236758204552e+01 -1.851402125722370684e+01
3.078126135335454094e+00 1.227093765417768623e+01 -2.495934709528458484e+01
3.109859394462623605e+00 1.336072522562131404e+01 -3.403808513537675395e+01
3.141592653589793116e+00 1.443121640576482889e+01 -3.373404464551116178e+01
