1.000000000000000021e-03 1.972519142438126210e+02 2.920068545005392480e+01
5.100000000000000366e-02 1.957918799713099247e+02 5.840137090010784959e+01
1.010000000000000064e-01 1.914117771538018360e+02 1.168027418002162676e+02
1.510000000000000231e-01 1.841116057912882980e+02 1.752041127003246856e+02
2.010000000000000120e-01 1.738913658837693674e+02 2.044047981503786104e+02
2.510000000000000009e-01 1.636711259762504369e+02 2.044047981503786104e+02
3.010000000000000453e-01 1.534508860687315064e+02 2.044047981503786104e+02
3.510000000000000342e-01 1.432306461612125759e+02 2.044047981503786104e+02
4.010000000000000231e-01 1.330104062536936453e+02 2.044047981503787526e+02
4.510000000000000120e-01 1.227901663461747006e+02 2.044047981503788947e+02
5.010000000000000009e-01 1.125699264386557559e+02 2.044047981503787526e+02
5.510000000000000453e-01 1.023496865311368254e+02 2.044047981503787526e+02
6.010000000000000897e-01 9.212944662361788062e+01 2.044047981503787526e+02
6.510000000000000231e-01 8.190920671609895010e+01 2.044047981503786104e+02
7.010000000000000675e-01 7.168896680858001957e+01 2.044047981503786104e+02
7.510000000000000009e-01 6.146872690106108905e+01 1.964490232487043500e+02
8.010000000000000453e-01 5.204406448370958316e+01 1.859714725283794223e+02
8.510000000000000897e-01 4.287157964822314682e+01 1.710117743489999498e+02
9.010000000000000231e-01 3.494288704880958818e+01 1.497089744528659025e+02
9.510000000000000675e-01 2.790068220293655443e+01 1.307283232432303635e+02
1.000999999999999890e+00 2.187005472448655041e+01 1.084688989410457367e+02
1.050999999999999934e+00 1.705379230883198005e+01 8.371771113173183210e+01
1.100999999999999979e+00 1.349828361131336685e+01 6.679872523834414721e+01
1.151000000000000023e+00 1.037391978499756462e+01 5.235304671054485937e+01
1.201000000000000068e+00 8.262978940258880911e+00 4.201445066693314345e+01
1.250999999999999890e+00 6.172474718304250096e+00 3.682500485827991099e+01
1.300999999999999934e+00 4.580478454430889634e+00 2.849892804642062671e+01
1.350999999999999979e+00 3.322581913662187247e+00 2.368876955296946463e+01
1.401000000000000023e+00 2.211601499133942994e+00 2.088639833921842381e+01
1.451000000000000068e+00 1.233942079740344866e+00 1.802850612479773318e+01
1.500999999999999890e+00 4.087508866541696984e-01 1.456097250090473771e+01
1.550999999999999934e+00 -2.221551703501290220e-01 1.073620845780251187e+01
1.600999999999999979e+00 -6.648699591260813779e-01 8.412428802018201424e+00
1.651000000000000023e+00 -1.063398050551949137e+00 6.714868039415288870e+00
1.701000000000000068e+00 -1.336356763067610309e+00 4.167268338901408242e+00
1.750999999999999890e+00 -1.480124884442090005e+00 1.997632256792052363e+00
1.800999999999999934e+00 -1.536119988746815546e+00 3.685474414148215416e-01
1.850999999999999979e+00 -1.516979628583572159e+00 -3.107712093396464148e-01
1.901000000000000023e+00 -1.505042867812850904e+00 -9.539046812116391827e-01
1.951000000000000068e+00 -1.421589160462408241e+00 -2.183705926680279408e+00
2.000999999999999890e+00 -1.286672275144822963e+00 -2.766212812653456865e+00
2.051000000000000156e+00 -1.144967879197062555e+00 -2.586962333397317959e+00
2.100999999999999979e+00 -1.027976041805091167e+00 -2.453141240287490810e+00
2.150999999999999801e+00 -8.996537551683134737e-01 -2.911299151144620456e+00
2.201000000000000068e+00 -7.368461266906290996e-01 -3.195253096141520199e+00
2.250999999999999890e+00 -5.801284455541614316e-01 -2.789430671088339864e+00
2.301000000000000156e+00 -4.579030595817951133e-01 -2.579210235442608301e+00
2.350999999999999979e+00 -3.222074220099006014e-01 -2.651740055856279810e+00
2.401000000000000245e+00 -1.927290539961671323e-01 -2.614891600565939278e+00
2.451000000000000068e+00 -6.071826195330666531e-02 -2.334613750336797189e+00
2.500999999999999890e+00 4.073232103751263378e-02 -1.932052072449685909e+00
2.551000000000000156e+00 1.324869452916619395e-01 -2.162067712914984341e+00
2.600999999999999979e+00 2.569390923290110762e-01 -2.074726707095639000e+00
2.651000000000000245e+00 3.399596160012258728e-01 -1.446549564963482304e+00
2.701000000000000068e+00 4.015940488253593177e-01 -1.034094982820898956e+00
2.750999999999999890e+00 4.433691142833157683e-01 -7.902401462081964922e-01
2.801000000000000156e+00 4.806180634461789669e-01 -6.697688988323852177e-01
2.850999999999999979e+00 5.103460041665542901e-01 -3.653899098131696555e-01
2.901000000000000245e+00 5.171570544274959325e-01 1.779129440594545697e-01
2.951000000000000068e+00 4.925547097606088331e-01 4.250191642290440663e-01
3.000999999999999890e+00 4.746551380045915258e-01 5.060043292780974644e-01
3.051000000000000156e+00 4.419542768327990867e-01 7.768268426891355993e-01
3.100999999999999979e+00 3.969724537356779659e-01 1.100692635379814099e+00
3.151000000000000245e+00 3.318850132948176768e-01 1.243747006500605101e+00
3.201000000000000068e+00 2.725977530856174558e-01 1.127373610362309986e+00
3.250999999999999890e+00 2.191476522585866782e-01 1.044355937106919097e+00
3.301000000000000156e+00 1.681621593749255406e-01 1.120862389858753971e+00
3.350999999999999979e+00 1.070614132727112644e-01 1.165419421420962998e+00
3.401000000000000245e+00 5.162021723282921720e-02 7.517989952447695634e-01
3.451000000000000068e+00 3.188151374823431500e-02 3.487300749304297898e-01
3.500999999999999890e+00 1.674720973978624169e-02 3.256015112138099798e-01
3.551000000000000156e+00 -6.786373731466838546e-04 3.202165808402554492e-01
3.600999999999999979e+00 -1.527444834423930496e-02 1.074920259810476925e-01
3.651000000000000245e+00 -1.142783997125145293e-02 -2.027461066977679083e-01
3.701000000000000068e+00 5.000162325537485693e-03 -2.654521567848643349e-01
3.750999999999999890e+00 1.511737570723498299e-02 -8.784945703420324326e-02
3.801000000000000156e+00 1.378510802895781089e-02 -1.382702989749481637e-01
3.850999999999999979e+00 2.894440560472980040e-02 -3.045866765744818516e-01
3.901000000000000245e+00 4.424377568640600056e-02 -2.178235325664211464e-01
3.951000000000000068e+00 5.072675886137191503e-02 -4.612172434339339988e-02
4.001000000000000334e+00 4.885594812074534055e-02 4.473618576834814675e-02
4.051000000000000156e+00 4.625314028453710036e-02 3.471028694775377121e-02
4.101000000000000867e+00 4.538491942596996342e-02 6.673795955352744558e-02
4.151000000000000689e+00 3.957934432918435580e-02 1.732332142499054817e-01
4.201000000000000512e+00 2.806159800097941456e-02 2.013059308986890894e-01
4.251000000000000334e+00 1.944875123931544617e-02 1.105194817268697755e-01
4.301000000000000156e+00 1.700964982829243632e-02 5.336893254555432481e-02
4.351000000000000867e+00 1.411185798476001334e-02 7.538338767512850480e-03
4.401000000000000689e+00 1.625581595154115128e-02 -3.130805654945807703e-02
4.451000000000000512e+00 1.724266363970582139e-02 -2.695307660904883856e-02
4.501000000000000334e+00 1.895112361244603513e-02 -3.527689527183953261e-02
4.551000000000000156e+00 2.077035316688977465e-02 -1.821865016259090198e-02
4.601000000000000867e+00 2.077298862870512533e-02 2.092184007490168612e-02
4.651000000000000689e+00 1.867816915939960604e-02 5.059218389069537747e-02
4.701000000000000512e+00 1.571377023963558758e-02 7.898496815315736441e-02
4.751000000000000334e+00 1.077967234408386960e-02 7.781815400285260753e-02
4.801000000000001044e+00 7.931954839350326830e-03 5.385333454653701279e-02
4.851000000000000867e+00 5.394338889430167795e-03 4.184914301370492445e-02
4.901000000000000689e+00 3.747040537979834818e-03 3.001105406912135676e-02
4.951000000000000512e+00 2.393233482518031859e-03 2.286835423585980090e-02
5.001000000000000334e+00 1.460205114393854642e-03 1.866056736248354261e-02
