1.000000000000000021e-03 1.093305295306484197e+02 1.408206004955616208e+01
5.100000000000000366e-02 1.086264265281706116e+02 2.816412009911260839e+01
1.010000000000000064e-01 1.065141175207371589e+02 5.632824019822493256e+01
1.510000000000000231e-01 1.029936025083481184e+02 8.449236029733725672e+01
2.010000000000000120e-01 9.806488149100343321e+01 9.857442034689356092e+01
2.510000000000000009e-01 9.313616047365876227e+01 9.857442034689356092e+01
3.010000000000000453e-01 8.820743945631407712e+01 9.857442034689370303e+01
3.510000000000000342e-01 8.327871843896939197e+01 9.857442034689356092e+01
4.010000000000000231e-01 7.834999742162472103e+01 9.857442034689341881e+01
4.510000000000000120e-01 7.342127640428005009e+01 9.857442034689370303e+01
5.010000000000000009e-01 6.849255538693535073e+01 9.857442034689370303e+01
5.510000000000000453e-01 6.356383436959067978e+01 9.857442034689356092e+01
6.010000000000000897e-01 5.863511335224599463e+01 9.857442034689356092e+01
6.510000000000000231e-01 5.370639233490132369e+01 9.857442034689356092e+01
7.010000000000000675e-01 4.877767131755663854e+01 9.857442034689363197e+01
7.510000000000000009e-01 4.384895030021196050e+01 8.824497926752705723e+01
8.010000000000000453e-01 3.995317339080393282e+01 8.773618056398760245e+01
8.510000000000000897e-01 3.507533224381320025e+01 9.679104238503363433e+01
9.010000000000000231e-01 3.027406915230056939e+01 9.237935547664612557e+01
9.510000000000000675e-01 2.583739669614858769e+01 8.572482943934122090e+01
1.000999999999999890e+00 2.170158620836644658e+01 7.843238997568252557e+01
1.050999999999999934e+00 1.799415769858033443e+01 6.992987345956963452e+01
1.100999999999999979e+00 1.470859886240948278e+01 7.021625749926893434e+01
1.151000000000000023e+00 1.097253194865344028e+01 5.967237621986182461e+01
1.201000000000000068e+00 8.741361240423300316e+00 4.058511623984522743e+01
1.250999999999999890e+00 6.914020324668917361e+00 3.440279620374786163e+01
1.300999999999999934e+00 5.301081620048513798e+00 2.887661725178785943e+01
1.350999999999999979e+00 4.026358599490131418e+00 2.413419700021684733e+01
1.401000000000000023e+00 2.887661920026828977e+00 2.094915968964668096e+01
1.451000000000000068e+00 1.931442630525463056e+00 1.868516099264084573e+01
1.500999999999999890e+00 1.019145820762744403e+00 1.665644569446263290e+01
1.550999999999999934e+00 2.657980610791996212e-01 1.346416718260757683e+01
1.600999999999999979e+00 -3.272708974980134133e-01 1.105973321652118102e+01
1.651000000000000023e+00 -8.401752605729184697e-01 9.468176977275485129e+00
1.701000000000000068e+00 -1.274088595225562059e+00 6.938482688949783039e+00
1.750999999999999890e+00 -1.534023529467896774e+00 4.239147442245498887e+00
1.800999999999999934e+00 -1.698003339450111948e+00 2.336472202210189142e+00
1.850999999999999979e+00 -1.767670749688915688e+00 8.773214845032129006e-01
1.901000000000000023e+00 -1.785735487900433238e+00 -5.745533063673891050e-01
1.951000000000000068e+00 -1.710215419052176777e+00 -2.253200651962210532e+00
2.000999999999999890e+00 -1.560415422704212185e+00 -3.011674450948724768e+00
2.051000000000000156e+00 -1.409047973957304301e+00 -3.078444444843124739e+00
2.100999999999999979e+00 -1.252570978219899711e+00 -3.408942852206995333e+00
2.150999999999999801e+00 -1.068153688736604767e+00 -3.785723891415735398e+00
2.201000000000000068e+00 -8.739985890783261713e-01 -3.720823624137902019e+00
2.250999999999999890e+00 -6.960713263228145431e-01 -3.317335171120714410e+00
2.301000000000000156e+00 -5.422650719662547303e-01 -3.011448869075266987e+00
2.350999999999999979e+00 -3.949264394152878221e-01 -3.173252255505968122e+00
2.401000000000000245e+00 -2.249398464156578958e-01 -2.952920598334633162e+00
2.451000000000000068e+00 -9.963437958182445875e-02 -2.406917035870172139e+00
2.500999999999999890e+00 1.575185717135934443e-02 -2.242752011058757322e+00
2.551000000000000156e+00 1.246408215240513012e-01 -2.255602177994703084e+00
2.600999999999999979e+00 2.413120749708296819e-01 -2.221858573059647401e+00
2.651000000000000245e+00 3.468266788300160552e-01 -1.868438656582646518e+00
2.701000000000000068e+00 4.281559406290943448e-01 -1.281604545472789791e+00
2.750999999999999890e+00 4.749871333772950344e-01 -1.083484308860658274e+00
2.801000000000000156e+00 5.365043715151601722e-01 -9.382406720136771128e-01
2.850999999999999979e+00 5.688112005786627456e-01 -3.656242080361882252e-01
2.901000000000000245e+00 5.730667923187789947e-01 1.923354313330360998e-01
2.951000000000000068e+00 5.495776574453591357e-01 5.016832338748489217e-01
3.000999999999999890e+00 5.228984689312941025e-01 5.802274609401392169e-01
3.051000000000000156e+00 4.915549113513452140e-01 7.775304370751834337e-01
3.100999999999999979e+00 4.451454252237757592e-01 1.149605645672898691e+00
3.151000000000000245e+00 3.765943467840553449e-01 1.183384214147278346e+00
3.201000000000000068e+00 3.268070038090479246e-01 9.654588955176485188e-01
3.250999999999999890e+00 2.800484572322904930e-01 8.911086517437363241e-01
3.301000000000000156e+00 2.376961386346742866e-01 8.207508462442680841e-01
3.350999999999999979e+00 1.979733726078636846e-01 7.163106107079638685e-01
3.401000000000000245e+00 1.660650775638778942e-01 5.309342603461977284e-01
3.451000000000000068e+00 1.448799465732439062e-01 3.451187065617222771e-01
3.500999999999999890e+00 1.315532069077056665e-01 3.122595554973338072e-01
3.551000000000000156e+00 1.136539910235105227e-01 2.824813853773021077e-01
3.600999999999999979e+00 1.033050683699754529e-01 1.927123244648420997e-01
3.651000000000000245e+00 9.438275857702631277e-02 1.858742443971374281e-01
3.701000000000000068e+00 8.471764393026171014e-02 1.953005039255518993e-01
3.750999999999999890e+00 7.485270818447112284e-02 1.959169735276476698e-01
3.801000000000000156e+00 6.512594657749694316e-02 2.648509084191836283e-01
3.850999999999999979e+00 4.836761734255275863e-02 3.217175220899002874e-01
3.901000000000000245e+00 3.295419436850691164e-02 2.684470023816102890e-01
3.951000000000000068e+00 2.152291710439173042e-02 2.014894176279014848e-01
4.001000000000000334e+00 1.280525260571676108e-02 1.188202955354780710e-01
4.051000000000000156e+00 9.640887550843923320e-03 9.789884285398699204e-02
4.101000000000000867e+00 3.015368320318061613e-03 9.054042118252993154e-02
4.151000000000000689e+00 5.868454325909295589e-04 -6.428710788358592276e-02
4.201000000000000512e+00 9.444079108676653803e-03 -1.302070846088951295e-01
4.251000000000000334e+00 1.360755389348044381e-02 -4.211004889337566226e-02
4.301000000000000156e+00 1.365508399801422003e-02 -8.768905158608990974e-03
4.351000000000000867e+00 1.448444440934134290e-02 -1.123621966132240177e-02
4.401000000000000689e+00 1.477870596414646021e-02 -2.189418717936186462e-02
4.451000000000000512e+00 1.667386312727752937e-02 -3.487605863676350448e-03
4.501000000000000334e+00 1.512746655051409525e-02 3.370586284084094858e-02
4.551000000000000156e+00 1.330327684319343451e-02 -1.774026486899039912e-03
4.601000000000000867e+00 1.530486919920399924e-02 2.174262071787738670e-03
4.651000000000000689e+00 1.308585063601466064e-02 6.063828255377474302e-02
4.701000000000000512e+00 9.241040943826524592e-03 6.299794697827408585e-02
4.751000000000000334e+00 6.786055938187251883e-03 4.694425341036923688e-02
4.801000000000001044e+00 4.546615602789600731e-03 4.714288342629508605e-02
4.851000000000000867e+00 2.071767595557743712e-03 4.039540819323537285e-02
4.901000000000000689e+00 5.070747834660638796e-04 2.794384327540828938e-02
4.951000000000000512e+00 -7.226167319830851827e-04 4.367855828619156278e-03
5.001000000000000334e+00 7.028920060414821933e-05 -1.585811865174466609e-02
